 -0.819145 4.06099e-005 0.573586 0.455676 5.03116e-005 1 1.0505e-006 1.23171e-006 -0.573586 2.97185e-005 -0.819145 0.645556
 -0.819117 3.67741e-005 0.573627 0.455678 3.55224e-005 1 -1.33834e-005 1.60129e-006 -0.573627 9.41404e-006 -0.819117 0.645562
 -0.819089 3.80469e-005 0.573666 0.455681 2.94568e-005 1 -2.42636e-005 2.29065e-007 -0.573666 -2.97574e-006 -0.819089 0.645566
 -0.819074 3.67741e-005 0.573687 0.455682 2.61896e-005 1 -2.67094e-005 5.34502e-007 -0.573687 -6.85236e-006 -0.819074 0.64557
 -0.819072 3.67742e-005 0.573691 0.455682 2.49581e-005 1 -2.84678e-005 3.97351e-007 -0.573691 -8.99895e-006 -0.819072 0.645572
 -0.819068 3.80484e-005 0.573696 0.455682 2.36787e-005 1 -3.25153e-005 -4.41925e-007 -0.573696 -1.30478e-005 -0.819068 0.645574
 -0.819067 3.80484e-005 0.573697 0.455681 2.24472e-005 1 -3.42736e-005 -5.7908e-007 -0.573697 -1.51945e-005 -0.819067 0.645575
 -0.819067 3.67762e-005 0.573698 0.455681 2.0422e-005 1 -3.49472e-005 -1.3541e-007 -0.573698 -1.6908e-005 -0.819067 0.645576
 -0.819065 3.67763e-005 0.5737 0.45568 1.91204e-005 1 -3.68056e-005 -2.8037e-007 -0.5737 -1.91768e-005 -0.819065 0.645577
 -0.819065 3.67763e-005 0.5737 0.45568 1.79589e-005 1 -3.84639e-005 -4.09717e-007 -0.5737 -2.12014e-005 -0.819065 0.645577
 -0.819064 3.67764e-005 0.573702 0.45568 1.68676e-005 1 -4.00222e-005 -5.31261e-007 -0.573702 -2.31037e-005 -0.819064 0.645578
 -0.819064 3.67765e-005 0.573702 0.45568 1.5636e-005 1 -4.17805e-005 -6.68413e-007 -0.573702 -2.52505e-005 -0.819064 0.645578
 -0.819064 3.67766e-005 0.573702 0.45568 1.44045e-005 1 -4.35389e-005 -8.05566e-007 -0.573702 -2.73972e-005 -0.819064 0.645578
 -0.819061 3.67766e-005 0.573706 0.45568 1.44044e-005 1 -4.35388e-005 -8.05563e-007 -0.573706 -2.73971e-005 -0.819061 0.645579
 -0.819061 3.55043e-005 0.573706 0.45568 1.22992e-005 1 -4.43268e-005 -3.70811e-007 -0.573706 -2.92503e-005 -0.819061 0.645579
 -0.819061 3.55044e-005 0.573706 0.45568 1.11377e-005 1 -4.59851e-005 -5.00158e-007 -0.573706 -3.12748e-005 -0.819061 0.645579
 -0.819061 3.55045e-005 0.573706 0.45568 9.90618e-006 1 -4.77435e-005 -6.37311e-007 -0.573706 -3.34216e-005 -0.819061 0.645579
 -0.819061 3.55045e-005 0.573706 0.45568 9.90618e-006 1 -4.77435e-005 -6.37311e-007 -0.573706 -3.34216e-005 -0.819061 0.645579
 -0.819061 3.55046e-005 0.573707 0.45568 8.81482e-006 1 -4.93017e-005 -7.58852e-007 -0.573707 -3.53239e-005 -0.819061 0.64558
 -0.819061 3.55046e-005 0.573707 0.45568 8.81482e-006 1 -4.93017e-005 -7.58852e-007 -0.573707 -3.53239e-005 -0.819061 0.64558
 -0.81906 3.67788e-005 0.573708 0.45568 8.62683e-006 1 -5.1791e-005 -1.47658e-006 -0.573708 -3.74706e-005 -0.81906 0.64558
 -0.81906 3.67789e-005 0.573708 0.45568 7.39529e-006 1 -5.35494e-005 -1.61374e-006 -0.573708 -3.96174e-005 -0.81906 0.64558
 -0.819059 3.67789e-005 0.573709 0.455679 7.39529e-006 1 -5.35494e-005 -1.61374e-006 -0.573709 -3.96173e-005 -0.819059 0.645581
 -0.819057 3.67789e-005 0.573712 0.455679 7.39521e-006 1 -5.35493e-005 -1.61373e-006 -0.573712 -3.96172e-005 -0.819057 0.645581
 -0.819057 3.6779e-005 0.573712 0.455679 6.37392e-006 1 -5.50074e-005 -1.72747e-006 -0.573712 -4.13974e-005 -0.819057 0.645581
 -0.819057 3.55067e-005 0.573712 0.455679 5.37005e-006 1 -5.42229e-005 -1.17006e-006 -0.573712 -4.13308e-005 -0.819057 0.645581
 -0.819057 3.55068e-005 0.573713 0.455679 4.06841e-006 1 -5.60813e-005 -1.31502e-006 -0.573713 -4.35997e-005 -0.819057 0.645582
 -0.819057 3.55068e-005 0.573713 0.455679 4.06841e-006 1 -5.60813e-005 -1.31502e-006 -0.573713 -4.35997e-005 -0.819057 0.645582
 -0.819057 3.55069e-005 0.573713 0.455679 2.90696e-006 1 -5.77396e-005 -1.44436e-006 -0.573713 -4.56242e-005 -0.819057 0.645582
 -0.819057 3.55069e-005 0.573713 0.455679 2.90696e-006 1 -5.77396e-005 -1.44436e-006 -0.573713 -4.56242e-005 -0.819057 0.645582
 -0.819057 3.5507e-005 0.573713 0.455679 1.7455e-006 1 -5.93979e-005 -1.57371e-006 -0.573713 -4.76488e-005 -0.819057 0.645582
 -0.819057 3.5507e-005 0.573713 0.455679 1.7455e-006 1 -5.93979e-005 -1.57371e-006 -0.573713 -4.76488e-005 -0.819057 0.645582
 -0.819056 3.55071e-005 0.573714 0.455679 5.84044e-007 1 -6.10562e-005 -1.70306e-006 -0.573714 -4.96733e-005 -0.819056 0.645583
 -0.819056 3.55071e-005 0.573714 0.455679 5.84044e-007 1 -6.10562e-005 -1.70306e-006 -0.573714 -4.96733e-005 -0.819056 0.645583
 -0.819055 3.55072e-005 0.573715 0.455679 5.84047e-007 1 -6.10562e-005 -1.70306e-006 -0.573715 -4.96733e-005 -0.819055 0.645583
 -0.819054 3.55072e-005 0.573716 0.455679 -5.8753e-007 1 -6.27287e-005 -1.83352e-006 -0.573716 -5.17153e-005 -0.819054 0.645583
 -0.819054 3.55072e-005 0.573716 0.455679 -5.8753e-007 1 -6.27287e-005 -1.83352e-006 -0.573716 -5.17153e-005 -0.819054 0.645583
 -0.819054 3.55072e-005 0.573716 0.455679 -5.8753e-007 1 -6.27287e-005 -1.83352e-006 -0.573716 -5.17153e-005 -0.819054 0.645583
 -0.819055 3.55072e-005 0.573715 0.455679 -5.87533e-007 1 -6.27287e-005 -1.83351e-006 -0.573715 -5.17153e-005 -0.819055 0.645583
 -0.819052 3.55075e-005 0.573719 0.455678 -1.74898e-006 1 -6.4387e-005 -1.96286e-006 -0.573719 -5.37397e-005 -0.819052 0.645585
 -0.819052 3.55075e-005 0.573719 0.455678 -1.74898e-006 1 -6.4387e-005 -1.96286e-006 -0.573719 -5.37397e-005 -0.819052 0.645585
 -0.819052 3.55075e-005 0.573719 0.455678 -1.74898e-006 1 -6.4387e-005 -1.96286e-006 -0.573719 -5.37397e-005 -0.819052 0.645585
 -0.819052 3.55075e-005 0.573719 0.455678 -1.74898e-006 1 -6.4387e-005 -1.96286e-006 -0.573719 -5.37397e-005 -0.819052 0.645585
 -0.819052 3.55075e-005 0.573719 0.455678 -1.74898e-006 1 -6.4387e-005 -1.96286e-006 -0.573719 -5.37397e-005 -0.819052 0.645585
 -0.819052 3.55076e-005 0.573719 0.455678 -2.91044e-006 1 -6.60452e-005 -2.09221e-006 -0.573719 -5.57643e-005 -0.819052 0.645585
 -0.819052 3.55076e-005 0.573719 0.455678 -2.91044e-006 1 -6.60452e-005 -2.09221e-006 -0.573719 -5.57643e-005 -0.819052 0.645585
 -0.819052 3.55076e-005 0.573719 0.455678 -2.91044e-006 1 -6.60452e-005 -2.09221e-006 -0.573719 -5.57643e-005 -0.819052 0.645585
 -0.819052 3.55076e-005 0.573719 0.455678 -2.91044e-006 1 -6.60452e-005 -2.09221e-006 -0.573719 -5.57643e-005 -0.819052 0.645585
 -0.819051 3.55078e-005 0.57372 0.455678 -4.14199e-006 1 -6.78036e-005 -2.22936e-006 -0.57372 -5.7911e-005 -0.819051 0.645585
 -0.819051 3.55079e-005 0.573721 0.455678 -4.14198e-006 1 -6.78036e-005 -2.22937e-006 -0.573721 -5.79109e-005 -0.819051 0.645586
 -0.819051 3.55079e-005 0.573721 0.455678 -4.14198e-006 1 -6.78036e-005 -2.22937e-006 -0.573721 -5.79109e-005 -0.819051 0.645586
 -0.819051 3.55078e-005 0.57372 0.455678 -4.14199e-006 1 -6.78036e-005 -2.22936e-006 -0.57372 -5.7911e-005 -0.819051 0.645585
 -0.81905 3.55078e-005 0.573723 0.455678 -4.1421e-006 1 -6.78035e-005 -2.22936e-006 -0.573723 -5.79108e-005 -0.81905 0.645586
 -0.81905 3.55079e-005 0.573723 0.455678 -5.23348e-006 1 -6.93617e-005 -2.3509e-006 -0.573723 -5.98133e-005 -0.81905 0.645586
 -0.81905 3.42356e-005 0.573723 0.455678 -6.23735e-006 1 -6.85772e-005 -1.79349e-006 -0.573723 -5.97466e-005 -0.81905 0.645586
 -0.81905 3.42356e-005 0.573723 0.455678 -6.23735e-006 1 -6.85772e-005 -1.79349e-006 -0.573723 -5.97466e-005 -0.81905 0.645586
 -0.81905 3.42356e-005 0.573723 0.455678 -6.23735e-006 1 -6.85772e-005 -1.79349e-006 -0.573723 -5.97466e-005 -0.81905 0.645586
 -0.81905 3.42357e-005 0.573723 0.455678 -7.39881e-006 1 -7.02354e-005 -1.92284e-006 -0.573723 -6.17712e-005 -0.81905 0.645586
 -0.819049 3.42358e-005 0.573724 0.455678 -7.3988e-006 1 -7.02354e-005 -1.92284e-006 -0.573724 -6.17711e-005 -0.819049 0.645587
 -0.819049 3.42358e-005 0.573724 0.455678 -7.3988e-006 1 -7.02354e-005 -1.92284e-006 -0.573724 -6.17711e-005 -0.819049 0.645587
 -0.81905 3.42357e-005 0.573723 0.455678 -7.39881e-006 1 -7.02354e-005 -1.92283e-006 -0.573723 -6.17712e-005 -0.81905 0.645586
 -0.819049 3.42358e-005 0.573724 0.455678 -7.3988e-006 1 -7.02354e-005 -1.92284e-006 -0.573724 -6.17711e-005 -0.819049 0.645587
 -0.819049 3.42358e-005 0.573724 0.455678 -7.3988e-006 1 -7.02354e-005 -1.92284e-006 -0.573724 -6.17711e-005 -0.819049 0.645587
 -0.819049 3.42359e-005 0.573724 0.455678 -8.70045e-006 1 -7.20939e-005 -2.06779e-006 -0.573724 -6.404e-005 -0.819049 0.645587
 -0.819049 3.42359e-005 0.573724 0.455678 -8.70045e-006 1 -7.20939e-005 -2.06779e-006 -0.573724 -6.404e-005 -0.819049 0.645587
 -0.819049 3.42359e-005 0.573724 0.455678 -8.70045e-006 1 -7.20939e-005 -2.06779e-006 -0.573724 -6.404e-005 -0.819049 0.645587
 -0.819049 3.42359e-005 0.573724 0.455678 -8.70045e-006 1 -7.20939e-005 -2.06779e-006 -0.573724 -6.404e-005 -0.819049 0.645587
 -0.819049 3.42359e-005 0.573724 0.455678 -8.70045e-006 1 -7.20939e-005 -2.06779e-006 -0.573724 -6.404e-005 -0.819049 0.645587
 -0.819049 3.42359e-005 0.573724 0.455678 -8.70045e-006 1 -7.20939e-005 -2.06779e-006 -0.573724 -6.404e-005 -0.819049 0.645587
 -0.819049 3.4236e-005 0.573724 0.455678 -9.72173e-006 1 -7.3552e-005 -2.18153e-006 -0.573724 -6.58203e-005 -0.819049 0.645587
 -0.819048 3.4236e-005 0.573725 0.455678 -9.72173e-006 1 -7.3552e-005 -2.18153e-006 -0.573725 -6.58202e-005 -0.819048 0.645587
 -0.819047 3.42361e-005 0.573726 0.455677 -9.72173e-006 1 -7.3552e-005 -2.18153e-006 -0.573726 -6.58202e-005 -0.819047 0.645588
 -0.819048 3.4236e-005 0.573725 0.455678 -9.72173e-006 1 -7.3552e-005 -2.18153e-006 -0.573725 -6.58202e-005 -0.819048 0.645587
 -0.819047 3.42361e-005 0.573726 0.455677 -9.72173e-006 1 -7.3552e-005 -2.18153e-006 -0.573726 -6.58202e-005 -0.819047 0.645588
 -0.819047 3.42361e-005 0.573726 0.455677 -9.72173e-006 1 -7.3552e-005 -2.18153e-006 -0.573726 -6.58202e-005 -0.819047 0.645588
 -0.819047 3.42361e-005 0.573726 0.455677 -9.72173e-006 1 -7.3552e-005 -2.18153e-006 -0.573726 -6.58202e-005 -0.819047 0.645588
 -0.819047 3.42363e-005 0.573726 0.455677 -1.10234e-005 1 -7.54104e-005 -2.32649e-006 -0.573726 -6.80891e-005 -0.819047 0.645588
 -0.819047 3.42363e-005 0.573726 0.455677 -1.10234e-005 1 -7.54104e-005 -2.32649e-006 -0.573726 -6.80891e-005 -0.819047 0.645588
 -0.819048 3.55277e-005 0.573725 0.455678 -9.96553e-006 1 -7.61514e-005 -2.91501e-006 -0.573725 -6.80892e-005 -0.819048 0.645587
 -0.819047 3.42363e-005 0.573726 0.455677 -1.10234e-005 1 -7.54104e-005 -2.32649e-006 -0.573726 -6.80891e-005 -0.819047 0.645588
 -0.819047 3.42363e-005 0.573726 0.455677 -1.10234e-005 1 -7.54104e-005 -2.32649e-006 -0.573726 -6.80891e-005 -0.819047 0.645588
 -0.819047 3.42363e-005 0.573726 0.455677 -1.10234e-005 1 -7.54104e-005 -2.32649e-006 -0.573726 -6.80891e-005 -0.819047 0.645588
 -0.819047 3.55278e-005 0.573726 0.455677 -9.96553e-006 1 -7.61514e-005 -2.91501e-006 -0.573726 -6.80891e-005 -0.819047 0.645588
 -0.819046 3.55279e-005 0.573727 0.455677 -1.11271e-005 1 -7.78096e-005 -3.04435e-006 -0.573727 -7.01136e-005 -0.819046 0.645588
 -0.819046 3.55279e-005 0.573727 0.455677 -1.11271e-005 1 -7.78096e-005 -3.04435e-006 -0.573727 -7.01136e-005 -0.819046 0.645588
 -0.819046 3.5528e-005 0.573728 0.455678 -1.11271e-005 1 -7.78096e-005 -3.04435e-006 -0.573728 -7.01136e-005 -0.819046 0.645588
 -0.819046 3.5528e-005 0.573728 0.455678 -1.11271e-005 1 -7.78096e-005 -3.04435e-006 -0.573728 -7.01136e-005 -0.819046 0.645588
 -0.819046 3.5528e-005 0.573728 0.455678 -1.11271e-005 1 -7.78096e-005 -3.04435e-006 -0.573728 -7.01136e-005 -0.819046 0.645588
 -0.819046 3.5528e-005 0.573728 0.455678 -1.11271e-005 1 -7.78096e-005 -3.04435e-006 -0.573728 -7.01136e-005 -0.819046 0.645588
 -0.819046 3.5528e-005 0.573728 0.455678 -1.11271e-005 1 -7.78096e-005 -3.04435e-006 -0.573728 -7.01136e-005 -0.819046 0.645588
 -0.819046 3.55281e-005 0.573728 0.455678 -1.22185e-005 1 -7.93678e-005 -3.16589e-006 -0.573728 -7.2016e-005 -0.819046 0.645588
 -0.819046 3.5528e-005 0.573728 0.455678 -1.11271e-005 1 -7.78096e-005 -3.04435e-006 -0.573728 -7.01136e-005 -0.819046 0.645588
 -0.819046 3.55281e-005 0.573728 0.455678 -1.22185e-005 1 -7.93678e-005 -3.16589e-006 -0.573728 -7.2016e-005 -0.819046 0.645588
 -0.819046 3.55281e-005 0.573728 0.455678 -1.22185e-005 1 -7.93678e-005 -3.16589e-006 -0.573728 -7.2016e-005 -0.819046 0.645588
 -0.819046 3.55281e-005 0.573728 0.455678 -1.22185e-005 1 -7.93678e-005 -3.16589e-006 -0.573728 -7.2016e-005 -0.819046 0.645588
 -0.819046 3.55281e-005 0.573728 0.455678 -1.22185e-005 1 -7.93678e-005 -3.16589e-006 -0.573728 -7.2016e-005 -0.819046 0.645588
 -0.819046 3.55281e-005 0.573728 0.455678 -1.22185e-005 1 -7.93678e-005 -3.16589e-006 -0.573728 -7.2016e-005 -0.819046 0.645588
 -0.819046 3.55281e-005 0.573728 0.455678 -1.22185e-005 1 -7.93678e-005 -3.16589e-006 -0.573728 -7.2016e-005 -0.819046 0.645588
 -0.819046 3.55281e-005 0.573728 0.455678 -1.22185e-005 1 -7.93678e-005 -3.16589e-006 -0.573728 -7.2016e-005 -0.819046 0.645588
 -0.819046 3.55282e-005 0.573728 0.455678 -1.34501e-005 1 -8.11262e-005 -3.30305e-006 -0.573728 -7.41627e-005 -0.819046 0.645588
 -0.819046 3.55282e-005 0.573728 0.455678 -1.34501e-005 1 -8.11262e-005 -3.30305e-006 -0.573728 -7.41627e-005 -0.819046 0.645588
 -0.819046 3.55282e-005 0.573728 0.455678 -1.34501e-005 1 -8.11262e-005 -3.30305e-006 -0.573728 -7.41627e-005 -0.819046 0.645588
 -0.819046 3.55282e-005 0.573728 0.455678 -1.34501e-005 1 -8.11262e-005 -3.30305e-006 -0.573728 -7.41627e-005 -0.819046 0.645588
 -0.819046 3.55282e-005 0.573728 0.455678 -1.34501e-005 1 -8.11262e-005 -3.30305e-006 -0.573728 -7.41627e-005 -0.819046 0.645588
 -0.819046 3.55282e-005 0.573728 0.455678 -1.34501e-005 1 -8.11262e-005 -3.30305e-006 -0.573728 -7.41627e-005 -0.819046 0.645588
 -0.819046 3.55282e-005 0.573728 0.455678 -1.34501e-005 1 -8.11262e-005 -3.30305e-006 -0.573728 -7.41627e-005 -0.819046 0.645588
 -0.819045 3.42385e-005 0.573729 0.455678 -1.44677e-005 1 -8.03309e-005 -2.738e-006 -0.573729 -7.40951e-005 -0.819045 0.645589
 -0.819046 3.55282e-005 0.573728 0.455678 -1.34501e-005 1 -8.11262e-005 -3.30305e-006 -0.573728 -7.41627e-005 -0.819046 0.645588
 -0.819046 3.42384e-005 0.573728 0.455678 -1.44677e-005 1 -8.03309e-005 -2.738e-006 -0.573728 -7.40952e-005 -0.819046 0.645588
 -0.819045 3.42385e-005 0.573729 0.455678 -1.44677e-005 1 -8.03309e-005 -2.738e-006 -0.573729 -7.40951e-005 -0.819045 0.645589
 -0.819045 3.42386e-005 0.573729 0.455678 -1.56391e-005 1 -8.20034e-005 -2.86846e-006 -0.573729 -7.61371e-005 -0.819045 0.645589
 -0.819045 3.42386e-005 0.573729 0.455678 -1.56391e-005 1 -8.20034e-005 -2.86846e-006 -0.573729 -7.61371e-005 -0.819045 0.645589
 -0.819045 3.42386e-005 0.573729 0.455678 -1.56391e-005 1 -8.20034e-005 -2.86846e-006 -0.573729 -7.61371e-005 -0.819045 0.645589
 -0.819045 3.42386e-005 0.573729 0.455678 -1.56391e-005 1 -8.20034e-005 -2.86846e-006 -0.573729 -7.61371e-005 -0.819045 0.645589
 -0.819045 3.42386e-005 0.573729 0.455678 -1.56391e-005 1 -8.20034e-005 -2.86846e-006 -0.573729 -7.61371e-005 -0.819045 0.645589
 -0.819045 3.42386e-005 0.573729 0.455678 -1.56391e-005 1 -8.20034e-005 -2.86846e-006 -0.573729 -7.61371e-005 -0.819045 0.645589
 -0.819045 3.42386e-005 0.573729 0.455678 -1.56391e-005 1 -8.20034e-005 -2.86846e-006 -0.573729 -7.61371e-005 -0.819045 0.645589
 -0.819045 3.42386e-005 0.573729 0.455678 -1.56391e-005 1 -8.20034e-005 -2.86846e-006 -0.573729 -7.61371e-005 -0.819045 0.645589
 -0.819045 3.42387e-005 0.573729 0.455678 -1.68006e-005 1 -8.36617e-005 -2.99781e-006 -0.573729 -7.81617e-005 -0.819045 0.645589
 -0.819045 3.42387e-005 0.573729 0.455678 -1.68006e-005 1 -8.36617e-005 -2.99781e-006 -0.573729 -7.81617e-005 -0.819045 0.645589
 -0.819045 3.42387e-005 0.573729 0.455678 -1.68006e-005 1 -8.36617e-005 -2.99781e-006 -0.573729 -7.81617e-005 -0.819045 0.645589
 -0.819045 3.42387e-005 0.573729 0.455678 -1.68006e-005 1 -8.36617e-005 -2.99781e-006 -0.573729 -7.81617e-005 -0.819045 0.645589
 -0.819045 3.42387e-005 0.573729 0.455678 -1.68006e-005 1 -8.36617e-005 -2.99781e-006 -0.573729 -7.81617e-005 -0.819045 0.645589
 -0.819045 3.42387e-005 0.573729 0.455678 -1.68006e-005 1 -8.36617e-005 -2.99781e-006 -0.573729 -7.81617e-005 -0.819045 0.645589
 -0.819045 3.42387e-005 0.573729 0.455678 -1.68006e-005 1 -8.36617e-005 -2.99781e-006 -0.573729 -7.81617e-005 -0.819045 0.645589
 -0.819045 3.42387e-005 0.573729 0.455678 -1.68006e-005 1 -8.36617e-005 -2.99781e-006 -0.573729 -7.81617e-005 -0.819045 0.645589
 -0.819045 3.42388e-005 0.573729 0.455678 -1.79621e-005 1 -8.532e-005 -3.12715e-006 -0.573729 -8.01863e-005 -0.819045 0.645589
 -0.819045 3.42388e-005 0.573729 0.455678 -1.79621e-005 1 -8.532e-005 -3.12715e-006 -0.573729 -8.01863e-005 -0.819045 0.645589
 -0.819045 3.42388e-005 0.573729 0.455678 -1.79621e-005 1 -8.532e-005 -3.12715e-006 -0.573729 -8.01863e-005 -0.819045 0.645589
 -0.819045 3.42388e-005 0.573729 0.455678 -1.79621e-005 1 -8.532e-005 -3.12715e-006 -0.573729 -8.01863e-005 -0.819045 0.645589
 -0.819045 3.42388e-005 0.573729 0.455678 -1.79621e-005 1 -8.532e-005 -3.12715e-006 -0.573729 -8.01863e-005 -0.819045 0.645589
 -0.819045 3.42388e-005 0.573729 0.455678 -1.79621e-005 1 -8.532e-005 -3.12715e-006 -0.573729 -8.01863e-005 -0.819045 0.645589
 -0.819045 3.42388e-005 0.573729 0.455678 -1.79621e-005 1 -8.532e-005 -3.12715e-006 -0.573729 -8.01863e-005 -0.819045 0.645589
 -0.819045 3.42388e-005 0.573729 0.455678 -1.79621e-005 1 -8.532e-005 -3.12715e-006 -0.573729 -8.01863e-005 -0.819045 0.645589
 -0.819044 3.4239e-005 0.57373 0.455678 -1.79621e-005 1 -8.532e-005 -3.12715e-006 -0.57373 -8.01862e-005 -0.819044 0.64559
 -0.819045 3.4239e-005 0.573729 0.455678 -1.91235e-005 1 -8.69783e-005 -3.2565e-006 -0.573729 -8.22109e-005 -0.819045 0.645589
 -0.819044 3.42391e-005 0.57373 0.455678 -1.91235e-005 1 -8.69783e-005 -3.2565e-006 -0.57373 -8.22108e-005 -0.819044 0.64559
 -0.819043 3.42392e-005 0.573731 0.455677 -1.91235e-005 1 -8.69783e-005 -3.2565e-006 -0.573731 -8.22108e-005 -0.819043 0.64559
 -0.819043 3.42392e-005 0.573731 0.455677 -1.91235e-005 1 -8.69783e-005 -3.2565e-006 -0.573731 -8.22108e-005 -0.819043 0.64559
 -0.819043 3.42392e-005 0.573731 0.455677 -1.91235e-005 1 -8.69783e-005 -3.2565e-006 -0.573731 -8.22108e-005 -0.819043 0.64559
 -0.819043 3.42392e-005 0.573731 0.455677 -1.91235e-005 1 -8.69783e-005 -3.2565e-006 -0.573731 -8.22108e-005 -0.819043 0.64559
 -0.819043 3.42392e-005 0.573731 0.455677 -1.91235e-005 1 -8.69783e-005 -3.2565e-006 -0.573731 -8.22108e-005 -0.819043 0.64559
 -0.819043 3.42392e-005 0.573731 0.455677 -1.91235e-005 1 -8.69783e-005 -3.2565e-006 -0.573731 -8.22108e-005 -0.819043 0.64559
 -0.819043 3.42392e-005 0.573731 0.455677 -1.91235e-005 1 -8.69783e-005 -3.2565e-006 -0.573731 -8.22108e-005 -0.819043 0.64559
 -0.819043 3.42392e-005 0.573731 0.455677 -1.91235e-005 1 -8.69783e-005 -3.2565e-006 -0.573731 -8.22108e-005 -0.819043 0.64559
 -0.819043 3.42392e-005 0.573731 0.455677 -1.91235e-005 1 -8.69783e-005 -3.2565e-006 -0.573731 -8.22108e-005 -0.819043 0.64559
 -0.819043 3.42392e-005 0.573731 0.455677 -1.91235e-005 1 -8.69783e-005 -3.2565e-006 -0.573731 -8.22108e-005 -0.819043 0.64559
 -0.819043 3.42392e-005 0.573731 0.455677 -1.91235e-005 1 -8.69783e-005 -3.2565e-006 -0.573731 -8.22108e-005 -0.819043 0.64559
 -0.819043 3.42393e-005 0.573731 0.455677 -2.0285e-005 1 -8.86366e-005 -3.38585e-006 -0.573731 -8.42354e-005 -0.819043 0.64559
 -0.819043 3.42393e-005 0.573731 0.455677 -2.0285e-005 1 -8.86366e-005 -3.38585e-006 -0.573731 -8.42354e-005 -0.819043 0.64559
 -0.819043 3.42393e-005 0.573731 0.455677 -2.0285e-005 1 -8.86366e-005 -3.38585e-006 -0.573731 -8.42354e-005 -0.819043 0.64559
 -0.819043 3.42393e-005 0.573731 0.455677 -2.0285e-005 1 -8.86366e-005 -3.38585e-006 -0.573731 -8.42354e-005 -0.819043 0.64559
 -0.819043 3.42393e-005 0.573731 0.455677 -2.0285e-005 1 -8.86366e-005 -3.38585e-006 -0.573731 -8.42354e-005 -0.819043 0.64559
 -0.819043 3.42393e-005 0.573731 0.455677 -2.0285e-005 1 -8.86366e-005 -3.38585e-006 -0.573731 -8.42354e-005 -0.819043 0.64559
 -0.819043 3.42393e-005 0.573731 0.455677 -2.0285e-005 1 -8.86366e-005 -3.38585e-006 -0.573731 -8.42354e-005 -0.819043 0.64559
 -0.819043 3.42393e-005 0.573731 0.455677 -2.0285e-005 1 -8.86366e-005 -3.38585e-006 -0.573731 -8.42354e-005 -0.819043 0.64559
 -0.819043 3.42393e-005 0.573731 0.455677 -2.0285e-005 1 -8.86366e-005 -3.38585e-006 -0.573731 -8.42354e-005 -0.819043 0.64559
 -0.819043 3.42393e-005 0.573731 0.455677 -2.0285e-005 1 -8.86366e-005 -3.38585e-006 -0.573731 -8.42354e-005 -0.819043 0.64559
 -0.819043 3.42393e-005 0.573731 0.455677 -2.0285e-005 1 -8.86366e-005 -3.38585e-006 -0.573731 -8.42354e-005 -0.819043 0.64559
 -0.819043 3.42393e-005 0.573731 0.455677 -2.0285e-005 1 -8.86366e-005 -3.38585e-006 -0.573731 -8.42354e-005 -0.819043 0.64559
 -0.819043 3.42394e-005 0.573731 0.455677 -2.14465e-005 1 -9.02949e-005 -3.51519e-006 -0.573731 -8.62599e-005 -0.819043 0.64559
 -0.819043 3.42394e-005 0.573731 0.455677 -2.14465e-005 1 -9.02949e-005 -3.51519e-006 -0.573731 -8.62599e-005 -0.819043 0.64559
 -0.819043 3.42394e-005 0.573731 0.455677 -2.14465e-005 1 -9.02949e-005 -3.51519e-006 -0.573731 -8.62599e-005 -0.819043 0.64559
 -0.819043 3.42394e-005 0.573731 0.455677 -2.14465e-005 1 -9.02949e-005 -3.51519e-006 -0.573731 -8.62599e-005 -0.819043 0.64559
 -0.819043 3.42394e-005 0.573731 0.455677 -2.14465e-005 1 -9.02949e-005 -3.51519e-006 -0.573731 -8.62599e-005 -0.819043 0.64559
 -0.819043 3.42395e-005 0.573732 0.455677 -2.14465e-005 1 -9.02949e-005 -3.51519e-006 -0.573732 -8.62599e-005 -0.819043 0.645591
 -0.819043 3.42395e-005 0.573732 0.455677 -2.14465e-005 1 -9.02949e-005 -3.51519e-006 -0.573732 -8.62599e-005 -0.819043 0.645591
 -0.819042 3.42395e-005 0.573734 0.455677 -2.14466e-005 1 -9.02947e-005 -3.51518e-006 -0.573734 -8.62598e-005 -0.819042 0.645591
 -0.819043 3.42395e-005 0.573732 0.455677 -2.14465e-005 1 -9.02949e-005 -3.51519e-006 -0.573732 -8.62599e-005 -0.819043 0.645591
 -0.819042 3.42396e-005 0.573734 0.455677 -2.27483e-005 1 -9.21532e-005 -3.66014e-006 -0.573734 -8.85288e-005 -0.819042 0.645591
 -0.819042 3.42396e-005 0.573734 0.455677 -2.27483e-005 1 -9.21532e-005 -3.66014e-006 -0.573734 -8.85288e-005 -0.819042 0.645591
 -0.819042 3.42396e-005 0.573734 0.455677 -2.27483e-005 1 -9.21532e-005 -3.66014e-006 -0.573734 -8.85288e-005 -0.819042 0.645591
 -0.819042 3.42396e-005 0.573734 0.455677 -2.27483e-005 1 -9.21532e-005 -3.66014e-006 -0.573734 -8.85288e-005 -0.819042 0.645591
 -0.819042 3.42396e-005 0.573734 0.455677 -2.27483e-005 1 -9.21532e-005 -3.66014e-006 -0.573734 -8.85288e-005 -0.819042 0.645591
 -0.819042 3.42396e-005 0.573734 0.455677 -2.27483e-005 1 -9.21532e-005 -3.66014e-006 -0.573734 -8.85288e-005 -0.819042 0.645591
 -0.819042 3.42396e-005 0.573734 0.455677 -2.27483e-005 1 -9.21532e-005 -3.66014e-006 -0.573734 -8.85288e-005 -0.819042 0.645591
 -0.819042 3.42396e-005 0.573734 0.455677 -2.27483e-005 1 -9.21532e-005 -3.66014e-006 -0.573734 -8.85288e-005 -0.819042 0.645591
 -0.819042 3.42396e-005 0.573734 0.455677 -2.27483e-005 1 -9.21532e-005 -3.66014e-006 -0.573734 -8.85288e-005 -0.819042 0.645591
 -0.819042 3.42396e-005 0.573734 0.455677 -2.27483e-005 1 -9.21532e-005 -3.66014e-006 -0.573734 -8.85288e-005 -0.819042 0.645591
 -0.819042 3.42396e-005 0.573734 0.455677 -2.27483e-005 1 -9.21532e-005 -3.66014e-006 -0.573734 -8.85288e-005 -0.819042 0.645591
 -0.819042 3.42396e-005 0.573734 0.455677 -2.27483e-005 1 -9.21532e-005 -3.66014e-006 -0.573734 -8.85288e-005 -0.819042 0.645591
 -0.819042 3.42396e-005 0.573734 0.455677 -2.27483e-005 1 -9.21532e-005 -3.66014e-006 -0.573734 -8.85288e-005 -0.819042 0.645591
 -0.819042 3.42396e-005 0.573734 0.455677 -2.27483e-005 1 -9.21532e-005 -3.66014e-006 -0.573734 -8.85288e-005 -0.819042 0.645591
 -0.819042 3.42397e-005 0.573734 0.455677 -2.37696e-005 1 -9.36113e-005 -3.77388e-006 -0.573734 -9.0309e-005 -0.819042 0.645591
 -0.819042 3.42396e-005 0.573734 0.455677 -2.27483e-005 1 -9.21532e-005 -3.66014e-006 -0.573734 -8.85288e-005 -0.819042 0.645591
 -0.819042 3.42397e-005 0.573734 0.455677 -2.37696e-005 1 -9.36113e-005 -3.77388e-006 -0.573734 -9.0309e-005 -0.819042 0.645591
 -0.819042 3.42397e-005 0.573734 0.455677 -2.37696e-005 1 -9.36113e-005 -3.77388e-006 -0.573734 -9.0309e-005 -0.819042 0.645591
 -0.819042 3.42397e-005 0.573734 0.455677 -2.37696e-005 1 -9.36113e-005 -3.77388e-006 -0.573734 -9.0309e-005 -0.819042 0.645591
 -0.819042 3.42397e-005 0.573734 0.455677 -2.37696e-005 1 -9.36113e-005 -3.77388e-006 -0.573734 -9.0309e-005 -0.819042 0.645591
 -0.819042 3.42397e-005 0.573734 0.455677 -2.37696e-005 1 -9.36113e-005 -3.77388e-006 -0.573734 -9.0309e-005 -0.819042 0.645591
 -0.819042 3.42397e-005 0.573734 0.455677 -2.37696e-005 1 -9.36113e-005 -3.77388e-006 -0.573734 -9.0309e-005 -0.819042 0.645591
 -0.819042 3.42397e-005 0.573734 0.455677 -2.37696e-005 1 -9.36113e-005 -3.77388e-006 -0.573734 -9.0309e-005 -0.819042 0.645591
 -0.819042 3.42397e-005 0.573734 0.455677 -2.37696e-005 1 -9.36113e-005 -3.77388e-006 -0.573734 -9.0309e-005 -0.819042 0.645591
 -0.819042 3.42397e-005 0.573734 0.455677 -2.37696e-005 1 -9.36113e-005 -3.77388e-006 -0.573734 -9.0309e-005 -0.819042 0.645591
 -0.819042 3.42397e-005 0.573734 0.455677 -2.37696e-005 1 -9.36113e-005 -3.77388e-006 -0.573734 -9.0309e-005 -0.819042 0.645591
 -0.819042 3.42397e-005 0.573734 0.455677 -2.37696e-005 1 -9.36113e-005 -3.77388e-006 -0.573734 -9.0309e-005 -0.819042 0.645591
 -0.819042 3.42397e-005 0.573734 0.455677 -2.37696e-005 1 -9.36113e-005 -3.77388e-006 -0.573734 -9.0309e-005 -0.819042 0.645591
 -0.819042 3.42397e-005 0.573734 0.455677 -2.37696e-005 1 -9.36113e-005 -3.77388e-006 -0.573734 -9.0309e-005 -0.819042 0.645591
 -0.819042 3.42397e-005 0.573734 0.455677 -2.37696e-005 1 -9.36113e-005 -3.77388e-006 -0.573734 -9.0309e-005 -0.819042 0.645591
 -0.819042 3.42399e-005 0.573734 0.455677 -2.50011e-005 1 -9.53697e-005 -3.91103e-006 -0.573734 -9.24557e-005 -0.819042 0.645591
 -0.819042 3.42399e-005 0.573734 0.455677 -2.50011e-005 1 -9.53697e-005 -3.91103e-006 -0.573734 -9.24557e-005 -0.819042 0.645591
 -0.819042 3.42399e-005 0.573734 0.455677 -2.50011e-005 1 -9.53697e-005 -3.91103e-006 -0.573734 -9.24557e-005 -0.819042 0.645591
 -0.819042 3.42399e-005 0.573734 0.455677 -2.50011e-005 1 -9.53697e-005 -3.91103e-006 -0.573734 -9.24557e-005 -0.819042 0.645591
 -0.819042 3.29675e-005 0.573734 0.455677 -2.6005e-005 1 -9.45851e-005 -3.35362e-006 -0.573734 -9.23891e-005 -0.819042 0.645591
 -0.819042 3.42399e-005 0.573734 0.455677 -2.50011e-005 1 -9.53697e-005 -3.91103e-006 -0.573734 -9.24557e-005 -0.819042 0.645591
 -0.819042 3.42399e-005 0.573734 0.455677 -2.50011e-005 1 -9.53697e-005 -3.91103e-006 -0.573734 -9.24557e-005 -0.819042 0.645591
 -0.819042 3.42399e-005 0.573734 0.455677 -2.50011e-005 1 -9.53697e-005 -3.91103e-006 -0.573734 -9.24557e-005 -0.819042 0.645591
 -0.819041 3.424e-005 0.573735 0.455678 -2.50011e-005 1 -9.53697e-005 -3.91103e-006 -0.573735 -9.24557e-005 -0.819041 0.645591
 -0.819041 3.29676e-005 0.573735 0.455678 -2.6005e-005 1 -9.45851e-005 -3.35362e-006 -0.573735 -9.2389e-005 -0.819041 0.645591
 -0.819041 3.424e-005 0.573735 0.455678 -2.50011e-005 1 -9.53697e-005 -3.91103e-006 -0.573735 -9.24557e-005 -0.819041 0.645591
 -0.819041 3.42401e-005 0.573735 0.455678 -2.62327e-005 1 -9.7128e-005 -4.04818e-006 -0.573735 -9.46024e-005 -0.819041 0.645591
 -0.819041 3.42401e-005 0.573735 0.455678 -2.62327e-005 1 -9.7128e-005 -4.04818e-006 -0.573735 -9.46024e-005 -0.819041 0.645591
 -0.819041 3.42401e-005 0.573735 0.455678 -2.62327e-005 1 -9.7128e-005 -4.04818e-006 -0.573735 -9.46024e-005 -0.819041 0.645591
 -0.819041 3.29678e-005 0.573735 0.455678 -2.72365e-005 1 -9.63434e-005 -3.49077e-006 -0.573735 -9.45358e-005 -0.819041 0.645591
 -0.819041 3.29678e-005 0.573735 0.455678 -2.72365e-005 1 -9.63434e-005 -3.49077e-006 -0.573735 -9.45358e-005 -0.819041 0.645591
 -0.819041 3.29678e-005 0.573735 0.455678 -2.72365e-005 1 -9.63434e-005 -3.49077e-006 -0.573735 -9.45358e-005 -0.819041 0.645591
 -0.819041 3.42401e-005 0.573735 0.455678 -2.62327e-005 1 -9.7128e-005 -4.04818e-006 -0.573735 -9.46024e-005 -0.819041 0.645591
 -0.819041 3.29678e-005 0.573735 0.455678 -2.72365e-005 1 -9.63434e-005 -3.49077e-006 -0.573735 -9.45358e-005 -0.819041 0.645591
 -0.819041 3.29678e-005 0.573735 0.455678 -2.72365e-005 1 -9.63434e-005 -3.49077e-006 -0.573735 -9.45358e-005 -0.819041 0.645591
 -0.819041 3.29678e-005 0.573735 0.455678 -2.72365e-005 1 -9.63434e-005 -3.49077e-006 -0.573735 -9.45358e-005 -0.819041 0.645591
 -0.819041 3.29678e-005 0.573735 0.455678 -2.72365e-005 1 -9.63434e-005 -3.49077e-006 -0.573735 -9.45358e-005 -0.819041 0.645591
 -0.819041 3.29678e-005 0.573735 0.455678 -2.72365e-005 1 -9.63434e-005 -3.49077e-006 -0.573735 -9.45358e-005 -0.819041 0.645591
 -0.819041 3.29678e-005 0.573735 0.455678 -2.72365e-005 1 -9.63434e-005 -3.49077e-006 -0.573735 -9.45358e-005 -0.819041 0.645591
 -0.819041 3.29678e-005 0.573735 0.455678 -2.72365e-005 1 -9.63434e-005 -3.49077e-006 -0.573735 -9.45358e-005 -0.819041 0.645591
 -0.819041 3.29678e-005 0.573735 0.455678 -2.72365e-005 1 -9.63434e-005 -3.49077e-006 -0.573735 -9.45358e-005 -0.819041 0.645591
 -0.819041 3.29678e-005 0.573735 0.455678 -2.72365e-005 1 -9.63434e-005 -3.49077e-006 -0.573735 -9.45358e-005 -0.819041 0.645591
 -0.819041 3.29679e-005 0.573735 0.455678 -2.83279e-005 1 -9.79017e-005 -3.61231e-006 -0.573735 -9.64382e-005 -0.819041 0.645591
 -0.819041 3.29679e-005 0.573735 0.455678 -2.83279e-005 1 -9.79017e-005 -3.61231e-006 -0.573735 -9.64382e-005 -0.819041 0.645591
 -0.819041 3.29679e-005 0.573735 0.455678 -2.83279e-005 1 -9.79017e-005 -3.61231e-006 -0.573735 -9.64382e-005 -0.819041 0.645591
 -0.819041 3.29679e-005 0.573735 0.455678 -2.83279e-005 1 -9.79017e-005 -3.61231e-006 -0.573735 -9.64382e-005 -0.819041 0.645591
 -0.819041 3.29679e-005 0.573735 0.455678 -2.83279e-005 1 -9.79017e-005 -3.61231e-006 -0.573735 -9.64382e-005 -0.819041 0.645591
 -0.819041 3.29679e-005 0.573735 0.455678 -2.83279e-005 1 -9.79017e-005 -3.61231e-006 -0.573735 -9.64382e-005 -0.819041 0.645591
 -0.819041 3.29679e-005 0.573735 0.455678 -2.83279e-005 1 -9.79017e-005 -3.61231e-006 -0.573735 -9.64382e-005 -0.819041 0.645591
 -0.819041 3.29679e-005 0.573735 0.455678 -2.83279e-005 1 -9.79017e-005 -3.61231e-006 -0.573735 -9.64382e-005 -0.819041 0.645591
 -0.819041 3.29679e-005 0.573735 0.455678 -2.83279e-005 1 -9.79017e-005 -3.61231e-006 -0.573735 -9.64382e-005 -0.819041 0.645591
 -0.819041 3.29679e-005 0.573735 0.455678 -2.83279e-005 1 -9.79017e-005 -3.61231e-006 -0.573735 -9.64382e-005 -0.819041 0.645591
 -0.819041 3.29679e-005 0.573735 0.455678 -2.83279e-005 1 -9.79017e-005 -3.61231e-006 -0.573735 -9.64382e-005 -0.819041 0.645591
 -0.819041 3.29679e-005 0.573735 0.455678 -2.83279e-005 1 -9.79017e-005 -3.61231e-006 -0.573735 -9.64382e-005 -0.819041 0.645591
 -0.819041 3.29679e-005 0.573735 0.455678 -2.83279e-005 1 -9.79017e-005 -3.61231e-006 -0.573735 -9.64382e-005 -0.819041 0.645591
 -0.819041 3.29679e-005 0.573735 0.455678 -2.83279e-005 1 -9.79017e-005 -3.61231e-006 -0.573735 -9.64382e-005 -0.819041 0.645591
 -0.819041 3.2968e-005 0.573735 0.455678 -2.95595e-005 1 -9.966e-005 -3.74946e-006 -0.573735 -9.85849e-005 -0.819041 0.645591
 -0.819041 3.2968e-005 0.573735 0.455678 -2.95595e-005 1 -9.966e-005 -3.74946e-006 -0.573735 -9.85849e-005 -0.819041 0.645591
 -0.81904 3.29681e-005 0.573736 0.455677 -2.95595e-005 1 -9.966e-005 -3.74946e-006 -0.573736 -9.85849e-005 -0.81904 0.645592
 -0.81904 3.29681e-005 0.573736 0.455677 -2.95595e-005 1 -9.966e-005 -3.74946e-006 -0.573736 -9.85849e-005 -0.81904 0.645592
 -0.81904 3.29681e-005 0.573736 0.455677 -2.95595e-005 1 -9.966e-005 -3.74946e-006 -0.573736 -9.85849e-005 -0.81904 0.645592
 -0.81904 3.29681e-005 0.573736 0.455677 -2.95595e-005 1 -9.966e-005 -3.74946e-006 -0.573736 -9.85849e-005 -0.81904 0.645592
 -0.81904 3.29681e-005 0.573736 0.455677 -2.95595e-005 1 -9.966e-005 -3.74946e-006 -0.573736 -9.85849e-005 -0.81904 0.645592
 -0.81904 3.29681e-005 0.573736 0.455677 -2.95595e-005 1 -9.966e-005 -3.74946e-006 -0.573736 -9.85849e-005 -0.81904 0.645592
 -0.819041 3.2968e-005 0.573735 0.455678 -2.95595e-005 1 -9.966e-005 -3.74946e-006 -0.573735 -9.85849e-005 -0.819041 0.645591
 -0.819041 3.2968e-005 0.573735 0.455678 -2.95595e-005 1 -9.966e-005 -3.74946e-006 -0.573735 -9.85849e-005 -0.819041 0.645591
 -0.81904 3.29681e-005 0.573736 0.455677 -2.95595e-005 1 -9.966e-005 -3.74946e-006 -0.573736 -9.85849e-005 -0.81904 0.645592
 -0.81904 3.29681e-005 0.573736 0.455677 -2.95595e-005 1 -9.966e-005 -3.74946e-006 -0.573736 -9.85849e-005 -0.81904 0.645592
 -0.81904 3.29681e-005 0.573736 0.455677 -2.95595e-005 1 -9.966e-005 -3.74946e-006 -0.573736 -9.85849e-005 -0.81904 0.645592
 -0.81904 3.29683e-005 0.573737 0.455677 -2.95595e-005 1 -9.966e-005 -3.74946e-006 -0.573737 -9.85848e-005 -0.81904 0.645593
 -0.81904 3.29684e-005 0.573737 0.455677 -3.07309e-005 1 -0.000101333 -3.87992e-006 -0.573737 -0.000100627 -0.81904 0.645593
 -0.81904 3.29683e-005 0.573736 0.455677 -3.0731e-005 1 -0.000101333 -3.87993e-006 -0.573736 -0.000100627 -0.81904 0.645592
 -0.81904 3.29684e-005 0.573737 0.455677 -3.07309e-005 1 -0.000101333 -3.87992e-006 -0.573737 -0.000100627 -0.81904 0.645593
 -0.81904 3.29683e-005 0.573737 0.455677 -2.95595e-005 1 -9.966e-005 -3.74946e-006 -0.573737 -9.85848e-005 -0.81904 0.645593
 -0.81904 3.29684e-005 0.573737 0.455677 -3.07309e-005 1 -0.000101333 -3.87992e-006 -0.573737 -0.000100627 -0.81904 0.645593
 -0.81904 3.29684e-005 0.573737 0.455677 -3.07309e-005 1 -0.000101333 -3.87992e-006 -0.573737 -0.000100627 -0.81904 0.645593
 -0.81904 3.29684e-005 0.573737 0.455677 -3.07309e-005 1 -0.000101333 -3.87992e-006 -0.573737 -0.000100627 -0.81904 0.645593
 -0.81904 3.29684e-005 0.573737 0.455677 -3.07309e-005 1 -0.000101333 -3.87992e-006 -0.573737 -0.000100627 -0.81904 0.645593
 -0.81904 3.29684e-005 0.573737 0.455677 -3.07309e-005 1 -0.000101333 -3.87992e-006 -0.573737 -0.000100627 -0.81904 0.645593
 -0.81904 3.29684e-005 0.573737 0.455677 -3.07309e-005 1 -0.000101333 -3.87992e-006 -0.573737 -0.000100627 -0.81904 0.645593
 -0.81904 3.29684e-005 0.573737 0.455677 -3.07309e-005 1 -0.000101333 -3.87992e-006 -0.573737 -0.000100627 -0.81904 0.645593
 -0.81904 3.29684e-005 0.573737 0.455677 -3.07309e-005 1 -0.000101333 -3.87992e-006 -0.573737 -0.000100627 -0.81904 0.645593
 -0.81904 3.29684e-005 0.573737 0.455677 -3.07309e-005 1 -0.000101333 -3.87992e-006 -0.573737 -0.000100627 -0.81904 0.645593
 -0.81904 3.29684e-005 0.573737 0.455677 -3.07309e-005 1 -0.000101333 -3.87992e-006 -0.573737 -0.000100627 -0.81904 0.645593
 -0.81904 3.29684e-005 0.573737 0.455677 -3.07309e-005 1 -0.000101333 -3.87992e-006 -0.573737 -0.000100627 -0.81904 0.645593
 -0.81904 3.29684e-005 0.573737 0.455677 -3.07309e-005 1 -0.000101333 -3.87992e-006 -0.573737 -0.000100627 -0.81904 0.645593
 -0.81904 3.29684e-005 0.573737 0.455677 -3.07309e-005 1 -0.000101333 -3.87992e-006 -0.573737 -0.000100627 -0.81904 0.645593
 -0.81904 3.29684e-005 0.573737 0.455677 -3.07309e-005 1 -0.000101333 -3.87992e-006 -0.573737 -0.000100627 -0.81904 0.645593
 -0.81904 3.29684e-005 0.573737 0.455677 -3.07309e-005 1 -0.000101333 -3.87992e-006 -0.573737 -0.000100627 -0.81904 0.645593
 -0.81904 3.29684e-005 0.573737 0.455677 -3.07309e-005 1 -0.000101333 -3.87992e-006 -0.573737 -0.000100627 -0.81904 0.645593
 -0.81904 3.29684e-005 0.573737 0.455677 -3.07309e-005 1 -0.000101333 -3.87992e-006 -0.573737 -0.000100627 -0.81904 0.645593
 -0.81904 3.29684e-005 0.573737 0.455677 -3.07309e-005 1 -0.000101333 -3.87992e-006 -0.573737 -0.000100627 -0.81904 0.645593
 -0.81904 3.29684e-005 0.573737 0.455677 -3.07309e-005 1 -0.000101333 -3.87992e-006 -0.573737 -0.000100627 -0.81904 0.645593
 -0.81904 3.29684e-005 0.573737 0.455677 -3.07309e-005 1 -0.000101333 -3.87992e-006 -0.573737 -0.000100627 -0.81904 0.645593
 -0.81904 3.29685e-005 0.573737 0.455677 -3.18223e-005 1 -0.000102891 -4.00147e-006 -0.573737 -0.000102529 -0.81904 0.645593
 -0.81904 3.29685e-005 0.573737 0.455677 -3.18223e-005 1 -0.000102891 -4.00147e-006 -0.573737 -0.000102529 -0.81904 0.645593
 -0.81904 3.29685e-005 0.573737 0.455677 -3.18223e-005 1 -0.000102891 -4.00147e-006 -0.573737 -0.000102529 -0.81904 0.645593
 -0.81904 3.29685e-005 0.573737 0.455677 -3.18223e-005 1 -0.000102891 -4.00147e-006 -0.573737 -0.000102529 -0.81904 0.645593
 -0.81904 3.29685e-005 0.573737 0.455677 -3.18223e-005 1 -0.000102891 -4.00147e-006 -0.573737 -0.000102529 -0.81904 0.645593
 -0.81904 3.29685e-005 0.573737 0.455677 -3.18223e-005 1 -0.000102891 -4.00147e-006 -0.573737 -0.000102529 -0.81904 0.645593
 -0.81904 3.29685e-005 0.573737 0.455677 -3.18223e-005 1 -0.000102891 -4.00147e-006 -0.573737 -0.000102529 -0.81904 0.645593
 -0.81904 3.29685e-005 0.573737 0.455677 -3.18223e-005 1 -0.000102891 -4.00147e-006 -0.573737 -0.000102529 -0.81904 0.645593
 -0.81904 3.29685e-005 0.573737 0.455677 -3.18223e-005 1 -0.000102891 -4.00147e-006 -0.573737 -0.000102529 -0.81904 0.645593
 -0.81904 3.29685e-005 0.573737 0.455677 -3.18223e-005 1 -0.000102891 -4.00147e-006 -0.573737 -0.000102529 -0.81904 0.645593
 -0.81904 3.29685e-005 0.573737 0.455677 -3.18223e-005 1 -0.000102891 -4.00147e-006 -0.573737 -0.000102529 -0.81904 0.645593
 -0.81904 3.29685e-005 0.573737 0.455677 -3.18223e-005 1 -0.000102891 -4.00147e-006 -0.573737 -0.000102529 -0.81904 0.645593
 -0.81904 3.29685e-005 0.573737 0.455677 -3.18223e-005 1 -0.000102891 -4.00147e-006 -0.573737 -0.000102529 -0.81904 0.645593
 -0.81904 3.29687e-005 0.573737 0.455677 -3.30539e-005 1 -0.000104649 -4.13862e-006 -0.573737 -0.000104676 -0.81904 0.645593
 -0.81904 3.29687e-005 0.573737 0.455677 -3.30539e-005 1 -0.000104649 -4.13862e-006 -0.573737 -0.000104676 -0.81904 0.645593
 -0.81904 3.29687e-005 0.573737 0.455677 -3.30539e-005 1 -0.000104649 -4.13862e-006 -0.573737 -0.000104676 -0.81904 0.645593
 -0.81904 3.29687e-005 0.573737 0.455677 -3.30539e-005 1 -0.000104649 -4.13862e-006 -0.573737 -0.000104676 -0.81904 0.645593
 -0.81904 3.29687e-005 0.573737 0.455677 -3.30539e-005 1 -0.000104649 -4.13862e-006 -0.573737 -0.000104676 -0.81904 0.645593
 -0.81904 3.29687e-005 0.573737 0.455677 -3.30539e-005 1 -0.000104649 -4.13862e-006 -0.573737 -0.000104676 -0.81904 0.645593
 -0.81904 3.29687e-005 0.573737 0.455677 -3.30539e-005 1 -0.000104649 -4.13862e-006 -0.573737 -0.000104676 -0.81904 0.645593
 -0.81904 3.29687e-005 0.573737 0.455677 -3.30539e-005 1 -0.000104649 -4.13862e-006 -0.573737 -0.000104676 -0.81904 0.645593
 -0.81904 3.29687e-005 0.573737 0.455677 -3.30539e-005 1 -0.000104649 -4.13862e-006 -0.573737 -0.000104676 -0.81904 0.645593
 -0.81904 3.29687e-005 0.573737 0.455677 -3.30539e-005 1 -0.000104649 -4.13862e-006 -0.573737 -0.000104676 -0.81904 0.645593
 -0.81904 3.29688e-005 0.573737 0.455677 -3.42154e-005 1 -0.000106307 -4.26796e-006 -0.573737 -0.000106701 -0.81904 0.645593
 -0.81904 3.29688e-005 0.573737 0.455677 -3.42154e-005 1 -0.000106307 -4.26796e-006 -0.573737 -0.000106701 -0.81904 0.645593
 -0.81904 3.29688e-005 0.573737 0.455677 -3.42154e-005 1 -0.000106307 -4.26796e-006 -0.573737 -0.000106701 -0.81904 0.645593
 -0.81904 3.29688e-005 0.573737 0.455677 -3.42154e-005 1 -0.000106307 -4.26796e-006 -0.573737 -0.000106701 -0.81904 0.645593
 -0.81904 3.29688e-005 0.573737 0.455677 -3.42154e-005 1 -0.000106307 -4.26796e-006 -0.573737 -0.000106701 -0.81904 0.645593
 -0.81904 3.29688e-005 0.573737 0.455677 -3.42154e-005 1 -0.000106307 -4.26796e-006 -0.573737 -0.000106701 -0.81904 0.645593
 -0.81904 3.29688e-005 0.573737 0.455677 -3.42154e-005 1 -0.000106307 -4.26796e-006 -0.573737 -0.000106701 -0.81904 0.645593
 -0.81904 3.29688e-005 0.573737 0.455677 -3.42154e-005 1 -0.000106307 -4.26796e-006 -0.573737 -0.000106701 -0.81904 0.645593
 -0.81904 3.29688e-005 0.573737 0.455677 -3.42154e-005 1 -0.000106307 -4.26796e-006 -0.573737 -0.000106701 -0.81904 0.645593
 -0.81904 3.29688e-005 0.573737 0.455677 -3.42154e-005 1 -0.000106307 -4.26796e-006 -0.573737 -0.000106701 -0.81904 0.645593
 -0.81904 3.29688e-005 0.573737 0.455677 -3.42154e-005 1 -0.000106307 -4.26796e-006 -0.573737 -0.000106701 -0.81904 0.645593
 -0.81904 3.29688e-005 0.573737 0.455677 -3.42154e-005 1 -0.000106307 -4.26796e-006 -0.573737 -0.000106701 -0.81904 0.645593
 -0.81904 3.29689e-005 0.573737 0.455677 -3.53768e-005 1 -0.000107966 -4.39731e-006 -0.573737 -0.000108725 -0.81904 0.645593
