 0.105577 0.940297 0.323567 -0.167419 0.494928 -0.331908 0.803046 0.555714 0.862496 0.0753595 -0.500421 0.719673
 0.105578 0.940297 0.323566 -0.167419 0.494929 -0.331908 0.803046 0.555714 0.862496 0.0753581 -0.500422 0.719673
 0.105577 0.940297 0.323567 -0.167419 0.494927 -0.331908 0.803047 0.555714 0.862497 0.0753588 -0.50042 0.719674
 0.105577 0.940297 0.323567 -0.167419 0.494928 -0.331908 0.803046 0.555714 0.862496 0.0753595 -0.500421 0.719673
 0.105577 0.940297 0.323567 -0.167419 0.494927 -0.331908 0.803047 0.555714 0.862497 0.0753588 -0.50042 0.719674
 0.105578 0.940297 0.323566 -0.167419 0.494928 -0.331908 0.803047 0.555714 0.862496 0.0753574 -0.500421 0.719674
 0.105577 0.940297 0.323567 -0.167419 0.494928 -0.331908 0.803046 0.555714 0.862496 0.0753595 -0.500421 0.719673
 0.105577 0.940297 0.323567 -0.167419 0.494927 -0.331908 0.803047 0.555714 0.862497 0.0753588 -0.50042 0.719674
 0.105577 0.940297 0.323567 -0.167419 0.494927 -0.331908 0.803047 0.555714 0.862497 0.0753588 -0.50042 0.719674
 0.105577 0.940296 0.323568 -0.167418 0.494927 -0.331909 0.803047 0.555714 0.862497 0.0753592 -0.50042 0.719674
 0.105577 0.940296 0.323568 -0.167418 0.494927 -0.331909 0.803047 0.555714 0.862497 0.0753592 -0.50042 0.719674
 0.105577 0.940296 0.323568 -0.167418 0.494928 -0.331909 0.803046 0.555714 0.862496 0.0753599 -0.500421 0.719673
 0.105578 0.940297 0.323567 -0.167418 0.494927 -0.331909 0.803046 0.555714 0.862496 0.0753578 -0.500421 0.719674
 0.105577 0.940296 0.323568 -0.167418 0.494927 -0.331909 0.803047 0.555714 0.862497 0.0753592 -0.50042 0.719674
 0.105577 0.940296 0.323568 -0.167418 0.494928 -0.331909 0.803046 0.555714 0.862496 0.0753599 -0.500421 0.719673
 0.105577 0.940296 0.323568 -0.167418 0.494927 -0.331909 0.803047 0.555714 0.862497 0.0753592 -0.50042 0.719674
 0.105577 0.940296 0.323568 -0.167418 0.494928 -0.331909 0.803046 0.555714 0.862496 0.0753599 -0.500421 0.719673
 0.105577 0.940296 0.323568 -0.167418 0.494927 -0.331909 0.803047 0.555714 0.862497 0.0753592 -0.50042 0.719674
 0.105577 0.940296 0.323568 -0.167418 0.494927 -0.331909 0.803047 0.555714 0.862497 0.0753592 -0.50042 0.719674
 0.105578 0.940297 0.323567 -0.167418 0.494928 -0.331909 0.803046 0.555714 0.862496 0.0753585 -0.500422 0.719673
 0.105577 0.940296 0.323568 -0.167418 0.494927 -0.331909 0.803047 0.555714 0.862497 0.0753592 -0.50042 0.719674
 0.105577 0.940296 0.323568 -0.167418 0.494928 -0.331909 0.803046 0.555714 0.862496 0.0753599 -0.500421 0.719673
 0.105577 0.940296 0.323568 -0.167418 0.494927 -0.331909 0.803047 0.555714 0.862497 0.0753592 -0.50042 0.719674
 0.105577 0.940296 0.323568 -0.167418 0.494928 -0.331909 0.803046 0.555714 0.862496 0.0753599 -0.500421 0.719673
 0.105577 0.940296 0.323568 -0.167418 0.494927 -0.331909 0.803047 0.555714 0.862497 0.0753592 -0.50042 0.719674
 0.105578 0.940297 0.323567 -0.167418 0.494927 -0.331909 0.803046 0.555714 0.862496 0.0753578 -0.500421 0.719674
 0.105577 0.940296 0.323568 -0.167418 0.494928 -0.331909 0.803046 0.555714 0.862496 0.0753599 -0.500421 0.719673
 0.105577 0.940296 0.323568 -0.167418 0.494927 -0.331909 0.803047 0.555714 0.862497 0.0753592 -0.50042 0.719674
 0.105577 0.940296 0.323568 -0.167418 0.494927 -0.331909 0.803047 0.555714 0.862497 0.0753592 -0.50042 0.719674
 0.105577 0.940296 0.323568 -0.167418 0.494928 -0.331909 0.803046 0.555714 0.862496 0.0753599 -0.500421 0.719673
 0.105577 0.940296 0.323568 -0.167418 0.494927 -0.331909 0.803047 0.555714 0.862497 0.0753592 -0.50042 0.719674
 0.105577 0.940296 0.323568 -0.167418 0.494928 -0.331909 0.803046 0.555714 0.862496 0.0753599 -0.500421 0.719673
 0.105577 0.940296 0.323568 -0.167418 0.494927 -0.331909 0.803047 0.555714 0.862497 0.0753592 -0.50042 0.719674
 0.105577 0.940296 0.323568 -0.167418 0.494927 -0.331909 0.803047 0.555714 0.862497 0.0753592 -0.50042 0.719674
 0.105577 0.940296 0.323568 -0.167418 0.494927 -0.331909 0.803047 0.555714 0.862497 0.0753592 -0.50042 0.719674
 0.105577 0.940296 0.323568 -0.167418 0.494927 -0.331909 0.803047 0.555714 0.862497 0.0753592 -0.50042 0.719674
 0.105577 0.940296 0.323568 -0.167418 0.494928 -0.331909 0.803046 0.555714 0.862496 0.0753599 -0.500421 0.719673
 0.105578 0.940297 0.323567 -0.167418 0.494927 -0.331909 0.803046 0.555714 0.862496 0.0753578 -0.500421 0.719674
 0.105577 0.940296 0.323568 -0.167418 0.494927 -0.331909 0.803047 0.555714 0.862497 0.0753592 -0.50042 0.719674
 0.105578 0.940297 0.323567 -0.167418 0.494928 -0.331909 0.803046 0.555714 0.862496 0.0753585 -0.500422 0.719673
 0.105577 0.940296 0.323568 -0.167418 0.494927 -0.331909 0.803047 0.555714 0.862497 0.0753592 -0.50042 0.719674
 0.105577 0.940296 0.323568 -0.167418 0.494927 -0.331909 0.803047 0.555714 0.862497 0.0753592 -0.50042 0.719674
 0.105577 0.940296 0.323568 -0.167418 0.494927 -0.331909 0.803047 0.555714 0.862497 0.0753592 -0.50042 0.719674
 0.105577 0.940296 0.323568 -0.167418 0.494927 -0.331909 0.803047 0.555714 0.862497 0.0753592 -0.50042 0.719674
 0.105577 0.940296 0.323568 -0.167418 0.494928 -0.331909 0.803046 0.555714 0.862496 0.0753599 -0.500421 0.719673
 0.105577 0.940296 0.323568 -0.167418 0.494927 -0.331909 0.803047 0.555714 0.862497 0.0753592 -0.50042 0.719674
 0.105577 0.940296 0.323568 -0.167418 0.494928 -0.331909 0.803046 0.555714 0.862496 0.0753599 -0.500421 0.719673
 0.105577 0.940296 0.323568 -0.167418 0.494927 -0.331909 0.803047 0.555714 0.862497 0.0753592 -0.50042 0.719674
 0.105577 0.940296 0.323568 -0.167418 0.494928 -0.331909 0.803046 0.555714 0.862496 0.0753599 -0.500421 0.719673
 0.105578 0.940297 0.323567 -0.167418 0.494927 -0.331909 0.803046 0.555714 0.862496 0.0753578 -0.500421 0.719674
 0.105578 0.940297 0.323567 -0.167418 0.494927 -0.331909 0.803046 0.555714 0.862496 0.0753578 -0.500421 0.719674
 0.105577 0.940296 0.323568 -0.167418 0.494927 -0.331909 0.803047 0.555714 0.862497 0.0753592 -0.50042 0.719674
 0.105578 0.940297 0.323567 -0.167418 0.494927 -0.331909 0.803046 0.555714 0.862496 0.0753578 -0.500421 0.719674
 0.105577 0.940296 0.323569 -0.167418 0.494928 -0.33191 0.803046 0.555715 0.862496 0.0753603 -0.50042 0.719673
 0.105577 0.940296 0.323569 -0.167418 0.494926 -0.33191 0.803046 0.555714 0.862497 0.0753596 -0.50042 0.719674
 0.105577 0.940296 0.323569 -0.167418 0.494926 -0.33191 0.803046 0.555714 0.862497 0.0753596 -0.50042 0.719674
 0.105578 0.940296 0.323568 -0.167418 0.494928 -0.33191 0.803045 0.555715 0.862496 0.0753589 -0.500422 0.719673
 0.105577 0.940296 0.323569 -0.167418 0.494926 -0.33191 0.803046 0.555714 0.862497 0.0753596 -0.50042 0.719674
 0.105577 0.940296 0.323569 -0.167418 0.494928 -0.33191 0.803046 0.555715 0.862496 0.0753603 -0.50042 0.719673
 0.105579 0.940296 0.323568 -0.167418 0.494927 -0.33191 0.803046 0.555714 0.862497 0.0753582 -0.500421 0.719674
 0.105577 0.940296 0.323569 -0.167418 0.494928 -0.33191 0.803046 0.555715 0.862496 0.0753603 -0.50042 0.719673
 0.105579 0.940296 0.323568 -0.167418 0.494927 -0.33191 0.803046 0.555714 0.862497 0.0753582 -0.500421 0.719674
 0.105577 0.940296 0.323569 -0.167418 0.494928 -0.33191 0.803046 0.555715 0.862496 0.0753603 -0.50042 0.719673
 0.105577 0.940296 0.323569 -0.167418 0.494926 -0.33191 0.803046 0.555714 0.862497 0.0753596 -0.50042 0.719674
 0.105577 0.940296 0.323569 -0.167418 0.494928 -0.33191 0.803046 0.555715 0.862496 0.0753603 -0.50042 0.719673
 0.105577 0.940296 0.323569 -0.167418 0.494926 -0.33191 0.803046 0.555714 0.862497 0.0753596 -0.50042 0.719674
 0.105577 0.940296 0.323569 -0.167418 0.494926 -0.33191 0.803046 0.555714 0.862497 0.0753596 -0.50042 0.719674
 0.105577 0.940296 0.323569 -0.167418 0.494928 -0.33191 0.803046 0.555715 0.862496 0.0753603 -0.50042 0.719673
 0.105579 0.940296 0.323568 -0.167418 0.494927 -0.33191 0.803046 0.555714 0.862497 0.0753582 -0.500421 0.719674
 0.105577 0.940296 0.323569 -0.167418 0.494926 -0.33191 0.803046 0.555714 0.862497 0.0753596 -0.50042 0.719674
 0.105577 0.940296 0.323569 -0.167418 0.494926 -0.33191 0.803046 0.555714 0.862497 0.0753596 -0.50042 0.719674
 0.105578 0.940296 0.323568 -0.167418 0.494928 -0.33191 0.803045 0.555715 0.862496 0.0753589 -0.500422 0.719673
 0.105579 0.940296 0.323568 -0.167418 0.494927 -0.33191 0.803046 0.555714 0.862497 0.0753582 -0.500421 0.719674
 0.105577 0.940296 0.323569 -0.167418 0.494928 -0.33191 0.803046 0.555715 0.862496 0.0753603 -0.50042 0.719673
 0.105577 0.940296 0.323569 -0.167418 0.494926 -0.33191 0.803046 0.555714 0.862497 0.0753596 -0.50042 0.719674
 0.105577 0.940296 0.323569 -0.167418 0.494928 -0.33191 0.803046 0.555715 0.862496 0.0753603 -0.50042 0.719673
 0.105579 0.940296 0.323568 -0.167418 0.494927 -0.33191 0.803046 0.555714 0.862497 0.0753582 -0.500421 0.719674
 0.105578 0.940296 0.323568 -0.167418 0.494928 -0.33191 0.803045 0.555715 0.862496 0.0753589 -0.500422 0.719673
 0.105577 0.940296 0.323569 -0.167418 0.494928 -0.33191 0.803046 0.555715 0.862496 0.0753603 -0.50042 0.719673
 0.105577 0.940296 0.323569 -0.167418 0.494928 -0.33191 0.803046 0.555715 0.862496 0.0753603 -0.50042 0.719673
 0.105577 0.940296 0.323569 -0.167418 0.494926 -0.33191 0.803046 0.555714 0.862497 0.0753596 -0.50042 0.719674
 0.105579 0.940296 0.323568 -0.167418 0.494927 -0.33191 0.803046 0.555714 0.862497 0.0753582 -0.500421 0.719674
 0.105577 0.940296 0.323569 -0.167418 0.494928 -0.33191 0.803046 0.555715 0.862496 0.0753603 -0.50042 0.719673
 0.105577 0.940296 0.323569 -0.167418 0.494928 -0.33191 0.803046 0.555715 0.862496 0.0753603 -0.50042 0.719673
 0.105578 0.940296 0.323568 -0.167418 0.494928 -0.33191 0.803045 0.555715 0.862496 0.0753589 -0.500422 0.719673
 0.105577 0.940296 0.323569 -0.167418 0.494926 -0.33191 0.803046 0.555714 0.862497 0.0753596 -0.50042 0.719674
 0.105577 0.940296 0.323569 -0.167418 0.494928 -0.33191 0.803046 0.555715 0.862496 0.0753603 -0.50042 0.719673
 0.105577 0.940296 0.323569 -0.167418 0.494928 -0.33191 0.803046 0.555715 0.862496 0.0753603 -0.50042 0.719673
 0.105577 0.940296 0.323569 -0.167418 0.494926 -0.33191 0.803046 0.555714 0.862497 0.0753596 -0.50042 0.719674
 0.105577 0.940296 0.323569 -0.167418 0.494928 -0.33191 0.803046 0.555715 0.862496 0.0753603 -0.50042 0.719673
 0.105579 0.940296 0.323568 -0.167418 0.494927 -0.33191 0.803046 0.555714 0.862497 0.0753582 -0.500421 0.719674
 0.105577 0.940296 0.323569 -0.167418 0.494926 -0.33191 0.803046 0.555714 0.862497 0.0753596 -0.50042 0.719674
 0.105577 0.940296 0.323569 -0.167418 0.494926 -0.33191 0.803046 0.555714 0.862497 0.0753596 -0.50042 0.719674
 0.105577 0.940296 0.323569 -0.167418 0.494928 -0.33191 0.803046 0.555715 0.862496 0.0753603 -0.50042 0.719673
 0.105579 0.940296 0.323568 -0.167418 0.494927 -0.33191 0.803046 0.555714 0.862497 0.0753582 -0.500421 0.719674
 0.105577 0.940296 0.323569 -0.167418 0.494926 -0.33191 0.803046 0.555714 0.862497 0.0753596 -0.50042 0.719674
 0.105578 0.940296 0.323568 -0.167418 0.494928 -0.33191 0.803045 0.555715 0.862496 0.0753589 -0.500422 0.719673
 0.105577 0.940296 0.323569 -0.167418 0.494928 -0.33191 0.803046 0.555715 0.862496 0.0753603 -0.50042 0.719673
 0.105577 0.940296 0.323569 -0.167418 0.494926 -0.33191 0.803046 0.555714 0.862497 0.0753596 -0.50042 0.719674
 0.105577 0.940296 0.323569 -0.167418 0.494926 -0.33191 0.803046 0.555714 0.862497 0.0753596 -0.50042 0.719674
 0.105578 0.940296 0.323568 -0.167418 0.494928 -0.33191 0.803045 0.555715 0.862496 0.0753589 -0.500422 0.719673
 0.105577 0.940296 0.323569 -0.167418 0.494926 -0.33191 0.803046 0.555714 0.862497 0.0753596 -0.50042 0.719674
 0.105579 0.940296 0.323568 -0.167418 0.494927 -0.33191 0.803046 0.555714 0.862497 0.0753582 -0.500421 0.719674
 0.105577 0.940296 0.323569 -0.167418 0.494926 -0.33191 0.803046 0.555714 0.862497 0.0753596 -0.50042 0.719674
 0.105577 0.940296 0.323569 -0.167418 0.494926 -0.33191 0.803046 0.555714 0.862497 0.0753596 -0.50042 0.719674
 0.105579 0.940296 0.323568 -0.167418 0.494927 -0.33191 0.803046 0.555714 0.862497 0.0753582 -0.500421 0.719674
 0.105577 0.940296 0.323569 -0.167418 0.494926 -0.33191 0.803046 0.555714 0.862497 0.0753596 -0.50042 0.719674
 0.105577 0.940296 0.323569 -0.167418 0.494926 -0.33191 0.803046 0.555714 0.862497 0.0753596 -0.50042 0.719674
 0.105577 0.940296 0.323569 -0.167418 0.494926 -0.33191 0.803046 0.555714 0.862497 0.0753596 -0.50042 0.719674
 0.105577 0.940296 0.323569 -0.167418 0.494926 -0.33191 0.803046 0.555714 0.862497 0.0753596 -0.50042 0.719674
 0.105577 0.940296 0.323569 -0.167418 0.494926 -0.33191 0.803046 0.555714 0.862497 0.0753596 -0.50042 0.719674
 0.105579 0.940296 0.323568 -0.167418 0.494927 -0.33191 0.803046 0.555714 0.862497 0.0753582 -0.500421 0.719674
 0.105577 0.940296 0.323569 -0.167418 0.494926 -0.33191 0.803046 0.555714 0.862497 0.0753596 -0.50042 0.719674
 0.105579 0.940296 0.323568 -0.167418 0.494927 -0.33191 0.803046 0.555714 0.862497 0.0753582 -0.500421 0.719674
 0.105579 0.940296 0.323568 -0.167418 0.494927 -0.33191 0.803046 0.555714 0.862497 0.0753582 -0.500421 0.719674
 0.105577 0.940296 0.323569 -0.167418 0.494926 -0.33191 0.803046 0.555714 0.862497 0.0753596 -0.50042 0.719674
 0.105579 0.940296 0.323568 -0.167418 0.494927 -0.33191 0.803046 0.555714 0.862497 0.0753582 -0.500421 0.719674
 0.105577 0.940296 0.323569 -0.167418 0.494926 -0.33191 0.803046 0.555714 0.862497 0.0753596 -0.50042 0.719674
 0.105577 0.940296 0.323569 -0.167418 0.494926 -0.33191 0.803046 0.555714 0.862497 0.0753596 -0.50042 0.719674
 0.105579 0.940296 0.323568 -0.167418 0.494927 -0.33191 0.803046 0.555714 0.862497 0.0753582 -0.500421 0.719674
 0.105577 0.940296 0.323569 -0.167418 0.494926 -0.33191 0.803046 0.555714 0.862497 0.0753596 -0.50042 0.719674
 0.105577 0.940296 0.323569 -0.167418 0.494926 -0.33191 0.803046 0.555714 0.862497 0.0753596 -0.50042 0.719674
 0.105579 0.940296 0.323568 -0.167418 0.494927 -0.33191 0.803046 0.555714 0.862497 0.0753582 -0.500421 0.719674
 0.105577 0.940296 0.323569 -0.167418 0.494926 -0.33191 0.803046 0.555714 0.862497 0.0753596 -0.50042 0.719674
 0.105579 0.940296 0.323568 -0.167418 0.494927 -0.33191 0.803046 0.555714 0.862497 0.0753582 -0.500421 0.719674
 0.105577 0.940296 0.323569 -0.167418 0.494926 -0.33191 0.803046 0.555714 0.862497 0.0753596 -0.50042 0.719674
 0.105578 0.940296 0.323568 -0.167418 0.494928 -0.33191 0.803045 0.555715 0.862496 0.0753589 -0.500422 0.719673
 0.105577 0.940296 0.323569 -0.167418 0.494926 -0.33191 0.803046 0.555714 0.862497 0.0753596 -0.50042 0.719674
 0.105577 0.940296 0.323569 -0.167418 0.494926 -0.33191 0.803046 0.555714 0.862497 0.0753596 -0.50042 0.719674
 0.105579 0.940296 0.323568 -0.167418 0.494927 -0.33191 0.803046 0.555714 0.862497 0.0753582 -0.500421 0.719674
 0.105577 0.940296 0.323569 -0.167418 0.494928 -0.33191 0.803046 0.555715 0.862496 0.0753603 -0.50042 0.719673
 0.105577 0.940296 0.323569 -0.167418 0.494926 -0.33191 0.803046 0.555714 0.862497 0.0753596 -0.50042 0.719674
 0.105577 0.940296 0.323569 -0.167418 0.494926 -0.33191 0.803046 0.555714 0.862497 0.0753596 -0.50042 0.719674
 0.105578 0.940296 0.323568 -0.167418 0.494928 -0.33191 0.803045 0.555715 0.862496 0.0753589 -0.500422 0.719673
 0.105577 0.940296 0.323569 -0.167418 0.494926 -0.33191 0.803046 0.555714 0.862497 0.0753596 -0.50042 0.719674
 0.105579 0.940296 0.323568 -0.167418 0.494926 -0.33191 0.803047 0.555714 0.862497 0.0753572 -0.50042 0.719674
 0.105579 0.940296 0.323568 -0.167418 0.494927 -0.33191 0.803046 0.555714 0.862497 0.0753582 -0.500421 0.719674
 0.105577 0.940296 0.323569 -0.167418 0.494926 -0.33191 0.803046 0.555714 0.862497 0.0753596 -0.50042 0.719674
 0.105578 0.940296 0.323569 -0.167418 0.494925 -0.331911 0.803047 0.555714 0.862498 0.0753586 -0.500419 0.719675
 0.105579 0.940296 0.323568 -0.167418 0.494927 -0.33191 0.803046 0.555715 0.862496 0.0753579 -0.500421 0.719674
 0.105579 0.940296 0.323568 -0.167418 0.494926 -0.33191 0.803047 0.555714 0.862497 0.0753572 -0.50042 0.719674
 0.105579 0.940296 0.323568 -0.167418 0.494927 -0.33191 0.803046 0.555715 0.862496 0.0753579 -0.500421 0.719674
 0.105578 0.940296 0.323569 -0.167418 0.494925 -0.331911 0.803047 0.555714 0.862498 0.0753586 -0.500419 0.719675
 0.105577 0.940296 0.323569 -0.167418 0.494926 -0.33191 0.803046 0.555715 0.862497 0.0753593 -0.50042 0.719674
 0.105578 0.940296 0.323569 -0.167418 0.494925 -0.331911 0.803047 0.555714 0.862498 0.0753586 -0.500419 0.719675
 0.105579 0.940296 0.323568 -0.167418 0.494927 -0.33191 0.803046 0.555715 0.862496 0.0753579 -0.500421 0.719674
 0.105578 0.940296 0.323569 -0.167418 0.494925 -0.331911 0.803047 0.555714 0.862498 0.0753586 -0.500419 0.719675
 0.105578 0.940296 0.323569 -0.167418 0.494925 -0.331911 0.803047 0.555714 0.862498 0.0753586 -0.500419 0.719675
 0.105577 0.940296 0.323569 -0.167418 0.494926 -0.33191 0.803046 0.555714 0.862497 0.0753596 -0.50042 0.719674
 0.105578 0.940296 0.32357 -0.167417 0.494926 -0.331912 0.803046 0.555715 0.862497 0.0753597 -0.500419 0.719674
 0.105579 0.940296 0.323568 -0.167418 0.494926 -0.33191 0.803047 0.555714 0.862497 0.0753572 -0.50042 0.719674
 0.105579 0.940296 0.323568 -0.167418 0.494926 -0.33191 0.803047 0.555714 0.862497 0.0753572 -0.50042 0.719674
 0.105577 0.940296 0.323569 -0.167418 0.494926 -0.33191 0.803046 0.555715 0.862497 0.0753593 -0.50042 0.719674
 0.105578 0.940296 0.32357 -0.167417 0.494925 -0.331912 0.803047 0.555714 0.862498 0.075359 -0.500418 0.719675
 0.105579 0.940296 0.323568 -0.167418 0.494927 -0.33191 0.803046 0.555715 0.862496 0.0753579 -0.500421 0.719674
 0.105578 0.940296 0.32357 -0.167417 0.494925 -0.331912 0.803047 0.555714 0.862498 0.075359 -0.500418 0.719675
 0.105578 0.940296 0.32357 -0.167417 0.494926 -0.331912 0.803046 0.555715 0.862497 0.0753597 -0.500419 0.719674
 0.105578 0.940296 0.32357 -0.167417 0.494925 -0.331912 0.803047 0.555714 0.862498 0.075359 -0.500418 0.719675
 0.105579 0.940296 0.323569 -0.167417 0.494926 -0.331911 0.803046 0.555714 0.862497 0.0753576 -0.50042 0.719674
 0.105578 0.940296 0.32357 -0.167417 0.494926 -0.331912 0.803046 0.555715 0.862497 0.0753597 -0.500419 0.719674
 0.105579 0.940296 0.323569 -0.167417 0.494926 -0.331911 0.803046 0.555714 0.862497 0.0753576 -0.50042 0.719674
 0.105578 0.940296 0.32357 -0.167417 0.494926 -0.331912 0.803046 0.555715 0.862497 0.0753597 -0.500419 0.719674
 0.105578 0.940296 0.32357 -0.167417 0.494926 -0.331912 0.803046 0.555715 0.862497 0.0753597 -0.500419 0.719674
 0.105578 0.940296 0.32357 -0.167417 0.494925 -0.331912 0.803047 0.555714 0.862498 0.075359 -0.500418 0.719675
 0.105578 0.940296 0.32357 -0.167417 0.494926 -0.331912 0.803046 0.555715 0.862497 0.0753597 -0.500419 0.719674
 0.105578 0.940296 0.32357 -0.167417 0.494925 -0.331912 0.803047 0.555714 0.862498 0.075359 -0.500418 0.719675
 0.105578 0.940296 0.32357 -0.167417 0.494926 -0.331912 0.803046 0.555715 0.862497 0.0753597 -0.500419 0.719674
 0.105578 0.940296 0.32357 -0.167417 0.494926 -0.331912 0.803046 0.555715 0.862497 0.0753597 -0.500419 0.719674
 0.105578 0.940296 0.32357 -0.167417 0.494926 -0.331912 0.803046 0.555715 0.862497 0.0753597 -0.500419 0.719674
 0.105578 0.940296 0.32357 -0.167417 0.494926 -0.331912 0.803046 0.555715 0.862497 0.0753597 -0.500419 0.719674
 0.105579 0.940296 0.323569 -0.167417 0.494927 -0.331911 0.803046 0.555715 0.862497 0.0753583 -0.500421 0.719674
 0.105578 0.940296 0.32357 -0.167417 0.494926 -0.331912 0.803046 0.555715 0.862497 0.0753597 -0.500419 0.719674
 0.105578 0.940296 0.32357 -0.167417 0.494926 -0.331912 0.803046 0.555715 0.862497 0.0753597 -0.500419 0.719674
 0.105579 0.940296 0.323569 -0.167417 0.494927 -0.331911 0.803046 0.555715 0.862497 0.0753583 -0.500421 0.719674
 0.105578 0.940296 0.32357 -0.167417 0.494926 -0.331912 0.803046 0.555715 0.862497 0.0753597 -0.500419 0.719674
 0.105578 0.940296 0.32357 -0.167417 0.494926 -0.331912 0.803046 0.555715 0.862497 0.0753597 -0.500419 0.719674
 0.105579 0.940296 0.323569 -0.167417 0.494927 -0.331911 0.803046 0.555715 0.862497 0.0753583 -0.500421 0.719674
 0.105579 0.940296 0.323569 -0.167417 0.494927 -0.331911 0.803046 0.555715 0.862497 0.0753583 -0.500421 0.719674
 0.105578 0.940296 0.32357 -0.167417 0.494926 -0.331912 0.803046 0.555715 0.862497 0.0753597 -0.500419 0.719674
 0.105578 0.940296 0.32357 -0.167417 0.494926 -0.331912 0.803046 0.555715 0.862497 0.0753597 -0.500419 0.719674
 0.105579 0.940296 0.323569 -0.167417 0.494926 -0.331911 0.803046 0.555714 0.862497 0.0753576 -0.50042 0.719674
 0.105578 0.940296 0.32357 -0.167417 0.494926 -0.331912 0.803046 0.555715 0.862497 0.0753597 -0.500419 0.719674
 0.105579 0.940296 0.323569 -0.167417 0.494926 -0.331911 0.803046 0.555714 0.862497 0.0753576 -0.50042 0.719674
 0.105579 0.940296 0.323569 -0.167417 0.494927 -0.331911 0.803046 0.555715 0.862497 0.0753583 -0.500421 0.719674
 0.105578 0.940296 0.32357 -0.167417 0.494926 -0.331912 0.803046 0.555715 0.862497 0.0753597 -0.500419 0.719674
 0.105578 0.940296 0.32357 -0.167417 0.494926 -0.331912 0.803046 0.555715 0.862497 0.0753597 -0.500419 0.719674
 0.105578 0.940296 0.32357 -0.167417 0.494926 -0.331912 0.803046 0.555715 0.862497 0.0753597 -0.500419 0.719674
 0.105579 0.940296 0.323569 -0.167417 0.494926 -0.331911 0.803046 0.555714 0.862497 0.0753576 -0.50042 0.719674
 0.105579 0.940296 0.323569 -0.167417 0.494927 -0.331911 0.803046 0.555715 0.862497 0.0753583 -0.500421 0.719674
 0.105579 0.940296 0.323569 -0.167417 0.494927 -0.331911 0.803046 0.555715 0.862497 0.0753583 -0.500421 0.719674
 0.105579 0.940296 0.323569 -0.167417 0.494927 -0.331911 0.803046 0.555715 0.862497 0.0753583 -0.500421 0.719674
 0.105578 0.940296 0.32357 -0.167417 0.494926 -0.331912 0.803046 0.555715 0.862497 0.0753597 -0.500419 0.719674
 0.105578 0.940296 0.32357 -0.167417 0.494926 -0.331912 0.803046 0.555715 0.862497 0.0753597 -0.500419 0.719674
 0.105578 0.940296 0.32357 -0.167417 0.494926 -0.331912 0.803046 0.555715 0.862497 0.0753597 -0.500419 0.719674
 0.105579 0.940296 0.323569 -0.167417 0.494927 -0.331911 0.803046 0.555715 0.862497 0.0753583 -0.500421 0.719674
 0.105579 0.940296 0.323569 -0.167417 0.494927 -0.331911 0.803046 0.555715 0.862497 0.0753583 -0.500421 0.719674
 0.105579 0.940296 0.323569 -0.167417 0.494927 -0.331911 0.803046 0.555715 0.862497 0.0753583 -0.500421 0.719674
 0.105579 0.940296 0.323569 -0.167417 0.494927 -0.331911 0.803046 0.555715 0.862497 0.0753583 -0.500421 0.719674
 0.105579 0.940296 0.323569 -0.167417 0.494927 -0.331911 0.803046 0.555715 0.862497 0.0753583 -0.500421 0.719674
 0.105579 0.940296 0.323569 -0.167417 0.494927 -0.331911 0.803046 0.555715 0.862497 0.0753583 -0.500421 0.719674
 0.105579 0.940296 0.323569 -0.167417 0.494926 -0.331911 0.803046 0.555714 0.862497 0.0753576 -0.50042 0.719674
 0.105579 0.940296 0.323569 -0.167417 0.494927 -0.331911 0.803046 0.555715 0.862497 0.0753583 -0.500421 0.719674
 0.105578 0.940296 0.32357 -0.167417 0.494925 -0.331912 0.803047 0.555714 0.862498 0.075359 -0.500418 0.719675
 0.105578 0.940296 0.32357 -0.167417 0.494926 -0.331912 0.803046 0.555715 0.862497 0.0753597 -0.500419 0.719674
 0.105579 0.940296 0.323569 -0.167417 0.494927 -0.331911 0.803046 0.555715 0.862497 0.0753583 -0.500421 0.719674
 0.105578 0.940296 0.32357 -0.167417 0.494926 -0.331912 0.803046 0.555715 0.862497 0.0753597 -0.500419 0.719674
 0.105578 0.940296 0.32357 -0.167417 0.494925 -0.331912 0.803047 0.555714 0.862498 0.075359 -0.500418 0.719675
 0.105578 0.940296 0.32357 -0.167417 0.494925 -0.331912 0.803047 0.555714 0.862498 0.075359 -0.500418 0.719675
 0.105579 0.940296 0.323569 -0.167417 0.494927 -0.331911 0.803046 0.555715 0.862497 0.0753583 -0.500421 0.719674
 0.105578 0.940296 0.32357 -0.167417 0.494926 -0.331912 0.803046 0.555715 0.862497 0.0753597 -0.500419 0.719674
 0.105578 0.940296 0.32357 -0.167417 0.494926 -0.331912 0.803046 0.555715 0.862497 0.0753597 -0.500419 0.719674
 0.105579 0.940296 0.323569 -0.167417 0.494927 -0.331911 0.803046 0.555715 0.862497 0.0753583 -0.500421 0.719674
 0.105578 0.940296 0.32357 -0.167417 0.494926 -0.331912 0.803046 0.555715 0.862497 0.0753597 -0.500419 0.719674
 0.105578 0.940296 0.32357 -0.167417 0.494926 -0.331912 0.803046 0.555715 0.862497 0.0753597 -0.500419 0.719674
 0.105579 0.940296 0.323569 -0.167417 0.494927 -0.331911 0.803046 0.555715 0.862497 0.0753583 -0.500421 0.719674
 0.105579 0.940296 0.323569 -0.167417 0.494927 -0.331911 0.803046 0.555715 0.862497 0.0753583 -0.500421 0.719674
 0.105578 0.940296 0.32357 -0.167417 0.494926 -0.331912 0.803046 0.555715 0.862497 0.0753597 -0.500419 0.719674
 0.105579 0.940296 0.323569 -0.167417 0.494927 -0.331911 0.803046 0.555715 0.862497 0.0753583 -0.500421 0.719674
 0.105578 0.940296 0.32357 -0.167417 0.494926 -0.331912 0.803046 0.555715 0.862497 0.0753597 -0.500419 0.719674
 0.105579 0.940296 0.323569 -0.167417 0.494927 -0.331911 0.803046 0.555715 0.862497 0.0753583 -0.500421 0.719674
 0.105579 0.940296 0.323569 -0.167417 0.494927 -0.331911 0.803046 0.555715 0.862497 0.0753583 -0.500421 0.719674
 0.105579 0.940296 0.323569 -0.167417 0.494927 -0.331911 0.803046 0.555715 0.862497 0.0753583 -0.500421 0.719674
 0.105579 0.940296 0.323569 -0.167417 0.494927 -0.331911 0.803046 0.555715 0.862497 0.0753583 -0.500421 0.719674
 0.105579 0.940296 0.323569 -0.167417 0.494927 -0.331911 0.803046 0.555715 0.862497 0.0753583 -0.500421 0.719674
 0.105579 0.940296 0.323569 -0.167417 0.494927 -0.331911 0.803046 0.555715 0.862497 0.0753583 -0.500421 0.719674
 0.105578 0.940296 0.32357 -0.167417 0.494926 -0.331912 0.803046 0.555715 0.862497 0.0753597 -0.500419 0.719674
 0.105579 0.940296 0.323569 -0.167417 0.494927 -0.331911 0.803046 0.555715 0.862497 0.0753583 -0.500421 0.719674
 0.105579 0.940296 0.323569 -0.167417 0.494927 -0.331911 0.803046 0.555715 0.862497 0.0753583 -0.500421 0.719674
 0.105579 0.940296 0.323569 -0.167417 0.494927 -0.331911 0.803046 0.555715 0.862497 0.0753583 -0.500421 0.719674
 0.105579 0.940296 0.323569 -0.167417 0.494927 -0.331911 0.803046 0.555715 0.862497 0.0753583 -0.500421 0.719674
 0.105579 0.940296 0.323569 -0.167417 0.494927 -0.331911 0.803046 0.555715 0.862497 0.0753583 -0.500421 0.719674
 0.105579 0.940296 0.323569 -0.167417 0.494927 -0.331911 0.803046 0.555715 0.862497 0.0753583 -0.500421 0.719674
 0.105578 0.940296 0.32357 -0.167417 0.494926 -0.331912 0.803046 0.555715 0.862497 0.0753597 -0.500419 0.719674
 0.105586 0.940295 0.323568 -0.167418 0.494939 -0.331913 0.803037 0.555714 0.862489 0.0753571 -0.500434 0.719673
 0.105618 0.940289 0.323576 -0.167419 0.494985 -0.331931 0.803002 0.55571 0.862458 0.075354 -0.500487 0.719669
 0.105656 0.940277 0.323599 -0.167418 0.495038 -0.331966 0.802955 0.555707 0.862423 0.075357 -0.500547 0.719664
 0.10569 0.940262 0.323631 -0.167416 0.495088 -0.332005 0.802907 0.555703 0.86239 0.0753668 -0.500602 0.71966
 0.105713 0.940246 0.323669 -0.167414 0.495134 -0.332045 0.802863 0.555699 0.862361 0.0753863 -0.500649 0.719656
 0.105736 0.940232 0.323704 -0.167411 0.495173 -0.332082 0.802823 0.555696 0.862336 0.0754026 -0.500691 0.719653
 0.105753 0.940218 0.323738 -0.167409 0.495211 -0.332117 0.802786 0.555693 0.862313 0.0754218 -0.500728 0.71965
 0.105765 0.940206 0.323771 -0.167407 0.49524 -0.332148 0.802755 0.55569 0.862294 0.0754412 -0.500757 0.719647
 0.105776 0.940196 0.323794 -0.167405 0.495263 -0.332172 0.80273 0.555688 0.862279 0.0754533 -0.500781 0.719646
 0.105786 0.940191 0.323806 -0.167404 0.495278 -0.332185 0.802716 0.555687 0.86227 0.0754581 -0.500797 0.719644
 0.105789 0.940188 0.323812 -0.167404 0.495285 -0.332192 0.802709 0.555686 0.862265 0.0754612 -0.500804 0.719644
 0.105792 0.940189 0.32381 -0.167405 0.495289 -0.33219 0.802707 0.555687 0.862263 0.0754596 -0.500808 0.719643
 0.105793 0.940189 0.32381 -0.167405 0.495292 -0.332191 0.802705 0.555687 0.862261 0.0754595 -0.500811 0.719642
 0.105795 0.940189 0.32381 -0.167405 0.495293 -0.332191 0.802704 0.555687 0.86226 0.0754586 -0.500813 0.719642
 0.105796 0.940189 0.323808 -0.167405 0.495296 -0.332191 0.802702 0.555687 0.862258 0.0754579 -0.500817 0.719642
 0.105798 0.940189 0.323807 -0.167405 0.495297 -0.33219 0.802702 0.555687 0.862257 0.0754564 -0.500818 0.719641
 0.105801 0.940189 0.323806 -0.167405 0.495299 -0.33219 0.802701 0.555687 0.862256 0.0754543 -0.500821 0.719641
 0.105803 0.940189 0.323805 -0.167405 0.495301 -0.332191 0.802699 0.555687 0.862255 0.0754535 -0.500823 0.719641
 0.105804 0.94019 0.323804 -0.167405 0.495302 -0.332191 0.802699 0.555687 0.862254 0.075452 -0.500825 0.719641
 0.105806 0.940189 0.323804 -0.167405 0.495303 -0.332191 0.802698 0.555686 0.862253 0.0754512 -0.500827 0.719641
 0.105804 0.94019 0.323804 -0.167405 0.495305 -0.33219 0.802697 0.555686 0.862252 0.0754536 -0.500827 0.71964
 0.105806 0.94019 0.323803 -0.167405 0.495305 -0.33219 0.802697 0.555686 0.862252 0.0754511 -0.500828 0.719641
 0.105807 0.94019 0.323802 -0.167405 0.495306 -0.33219 0.802696 0.555686 0.862251 0.0754502 -0.50083 0.71964
 0.105808 0.94019 0.323801 -0.167405 0.495307 -0.33219 0.802696 0.555686 0.86225 0.075449 -0.500831 0.71964
 0.105808 0.94019 0.323801 -0.167405 0.495307 -0.33219 0.802696 0.555686 0.86225 0.075449 -0.500831 0.71964
 0.10581 0.94019 0.3238 -0.167405 0.495308 -0.33219 0.802696 0.555686 0.86225 0.0754473 -0.500832 0.71964
 0.10581 0.94019 0.323801 -0.167405 0.495309 -0.332191 0.802695 0.555686 0.862249 0.075448 -0.500833 0.71964
 0.105812 0.94019 0.3238 -0.167405 0.495309 -0.33219 0.802694 0.555686 0.862248 0.0754464 -0.500835 0.71964
 0.10581 0.94019 0.3238 -0.167405 0.49531 -0.332189 0.802694 0.555686 0.862248 0.0754479 -0.500835 0.71964
 0.105812 0.940191 0.323799 -0.167406 0.495311 -0.332189 0.802694 0.555686 0.862248 0.0754465 -0.500836 0.71964
 0.105812 0.94019 0.3238 -0.167405 0.495312 -0.33219 0.802693 0.555686 0.862247 0.0754472 -0.500837 0.71964
 0.105812 0.94019 0.3238 -0.167405 0.495312 -0.33219 0.802693 0.555686 0.862247 0.0754472 -0.500837 0.71964
 0.105813 0.94019 0.323799 -0.167406 0.495312 -0.33219 0.802693 0.555686 0.862247 0.0754459 -0.500838 0.71964
 0.105813 0.94019 0.323799 -0.167406 0.495312 -0.33219 0.802693 0.555686 0.862247 0.0754459 -0.500838 0.71964
 0.105815 0.940191 0.323797 -0.167406 0.495313 -0.332189 0.802693 0.555686 0.862246 0.0754443 -0.500839 0.71964
 0.105815 0.940191 0.323797 -0.167406 0.495313 -0.332189 0.802693 0.555686 0.862246 0.0754443 -0.500839 0.71964
 0.105815 0.940191 0.323797 -0.167406 0.495313 -0.332189 0.802693 0.555686 0.862246 0.0754443 -0.500839 0.71964
 0.105817 0.940191 0.323797 -0.167406 0.495315 -0.33219 0.802691 0.555686 0.862245 0.0754434 -0.500841 0.71964
 0.105817 0.940191 0.323797 -0.167406 0.495315 -0.33219 0.802691 0.555686 0.862245 0.0754434 -0.500841 0.71964
 0.105817 0.940191 0.323797 -0.167406 0.495315 -0.33219 0.802691 0.555686 0.862245 0.0754434 -0.500841 0.71964
 0.105818 0.940191 0.323796 -0.167406 0.495315 -0.332189 0.802691 0.555686 0.862244 0.0754421 -0.500843 0.719639
 0.105816 0.940191 0.323796 -0.167406 0.495316 -0.332188 0.802691 0.555686 0.862244 0.0754435 -0.500843 0.719639
 0.105818 0.940191 0.323795 -0.167406 0.495317 -0.332188 0.802691 0.555686 0.862244 0.075442 -0.500844 0.719639
 0.105818 0.940191 0.323795 -0.167406 0.495317 -0.332188 0.802691 0.555686 0.862244 0.075442 -0.500844 0.719639
 0.105818 0.940191 0.323795 -0.167406 0.495317 -0.332188 0.802691 0.555686 0.862244 0.075442 -0.500844 0.719639
 0.105819 0.940191 0.323795 -0.167406 0.495318 -0.332189 0.802689 0.555686 0.862242 0.0754412 -0.500846 0.719639
 0.105819 0.940191 0.323795 -0.167406 0.495318 -0.332189 0.802689 0.555686 0.862242 0.0754412 -0.500846 0.719639
 0.105821 0.940191 0.323793 -0.167406 0.495319 -0.332188 0.802689 0.555686 0.862242 0.0754399 -0.500847 0.719639
 0.105821 0.940191 0.323793 -0.167406 0.495319 -0.332188 0.802689 0.555686 0.862242 0.0754399 -0.500847 0.719639
 0.105821 0.940191 0.323793 -0.167406 0.495319 -0.332188 0.802689 0.555686 0.862242 0.0754399 -0.500847 0.719639
 0.105822 0.940192 0.323792 -0.167406 0.49532 -0.332188 0.802689 0.555686 0.862241 0.0754382 -0.500849 0.719639
 0.105821 0.940192 0.323792 -0.167406 0.49532 -0.332187 0.802689 0.555686 0.862241 0.0754396 -0.500849 0.719639
 0.105821 0.940192 0.323792 -0.167406 0.49532 -0.332187 0.802689 0.555686 0.862241 0.0754396 -0.500849 0.719639
 0.105822 0.940192 0.323792 -0.167406 0.495322 -0.332187 0.802688 0.555686 0.86224 0.0754389 -0.500851 0.719639
 0.105822 0.940192 0.323792 -0.167406 0.495322 -0.332187 0.802688 0.555686 0.86224 0.0754389 -0.500851 0.719639
 0.105822 0.940192 0.323792 -0.167406 0.495322 -0.332187 0.802688 0.555686 0.86224 0.0754389 -0.500851 0.719639
 0.105822 0.940192 0.323792 -0.167406 0.495322 -0.332187 0.802688 0.555686 0.86224 0.0754389 -0.500851 0.719639
 0.105824 0.940192 0.323791 -0.167406 0.495323 -0.332187 0.802687 0.555686 0.862239 0.0754374 -0.500852 0.719639
 0.105823 0.940192 0.32379 -0.167407 0.495323 -0.332186 0.802688 0.555685 0.862239 0.0754374 -0.500852 0.719639
 0.105825 0.940193 0.323788 -0.167407 0.495324 -0.332185 0.802688 0.555685 0.862239 0.075436 -0.500853 0.719639
 0.105825 0.940193 0.323788 -0.167407 0.495324 -0.332185 0.802688 0.555685 0.862239 0.075436 -0.500853 0.719639
 0.105825 0.940193 0.323788 -0.167407 0.495324 -0.332185 0.802688 0.555685 0.862239 0.075436 -0.500853 0.719639
 0.105826 0.940193 0.323787 -0.167407 0.495324 -0.332185 0.802687 0.555685 0.862238 0.0754347 -0.500854 0.719639
 0.105824 0.940193 0.323787 -0.167407 0.495325 -0.332184 0.802687 0.555685 0.862238 0.0754363 -0.500854 0.719639
 0.105824 0.940193 0.323788 -0.167407 0.495326 -0.332185 0.802686 0.555685 0.862238 0.075437 -0.500855 0.719638
 0.105824 0.940193 0.323788 -0.167407 0.495326 -0.332185 0.802686 0.555685 0.862238 0.075437 -0.500855 0.719638
 0.105826 0.940193 0.323787 -0.167407 0.495327 -0.332185 0.802686 0.555685 0.862237 0.0754353 -0.500856 0.719638
 0.105826 0.940193 0.323787 -0.167407 0.495327 -0.332185 0.802686 0.555685 0.862237 0.0754353 -0.500856 0.719638
 0.105826 0.940193 0.323787 -0.167407 0.495327 -0.332185 0.802686 0.555685 0.862237 0.0754353 -0.500856 0.719638
 0.105827 0.940193 0.323786 -0.167407 0.495327 -0.332184 0.802686 0.555685 0.862236 0.0754339 -0.500858 0.719638
 0.105827 0.940193 0.323786 -0.167407 0.495327 -0.332184 0.802686 0.555685 0.862236 0.0754339 -0.500858 0.719638
 0.105829 0.940194 0.323785 -0.167407 0.495328 -0.332184 0.802686 0.555685 0.862236 0.0754325 -0.500859 0.719638
 0.105829 0.940194 0.323785 -0.167407 0.495328 -0.332184 0.802686 0.555685 0.862236 0.0754325 -0.500859 0.719638
 0.105829 0.940194 0.323785 -0.167407 0.495328 -0.332184 0.802686 0.555685 0.862236 0.0754325 -0.500859 0.719638
 0.105828 0.940193 0.323786 -0.167407 0.49533 -0.332185 0.802684 0.555685 0.862235 0.0754342 -0.500861 0.719638
 0.10583 0.940193 0.323785 -0.167407 0.495331 -0.332184 0.802684 0.555685 0.862234 0.0754327 -0.500862 0.719637
 0.10583 0.940193 0.323785 -0.167407 0.495331 -0.332184 0.802684 0.555685 0.862234 0.0754327 -0.500862 0.719637
 0.10583 0.940193 0.323785 -0.167407 0.495331 -0.332184 0.802684 0.555685 0.862234 0.0754327 -0.500862 0.719637
 0.105831 0.940194 0.323783 -0.167407 0.495332 -0.332184 0.802683 0.555685 0.862233 0.0754313 -0.500863 0.719637
 0.105831 0.940194 0.323783 -0.167407 0.495332 -0.332184 0.802683 0.555685 0.862233 0.0754313 -0.500863 0.719637
 0.105831 0.940194 0.323783 -0.167407 0.495332 -0.332184 0.802683 0.555685 0.862233 0.0754313 -0.500863 0.719637
 0.105831 0.940194 0.323782 -0.167407 0.495333 -0.332182 0.802683 0.555685 0.862233 0.0754312 -0.500864 0.719637
 0.105831 0.940194 0.323782 -0.167407 0.495333 -0.332182 0.802683 0.555685 0.862233 0.0754312 -0.500864 0.719637
 0.105831 0.940194 0.323782 -0.167407 0.495333 -0.332182 0.802683 0.555685 0.862233 0.0754312 -0.500864 0.719637
 0.105832 0.940194 0.323781 -0.167408 0.495334 -0.332182 0.802683 0.555685 0.862232 0.0754296 -0.500866 0.719637
 0.105832 0.940194 0.323781 -0.167408 0.495335 -0.332182 0.802682 0.555685 0.862231 0.0754303 -0.500866 0.719637
 0.105834 0.940195 0.32378 -0.167408 0.495335 -0.332181 0.802682 0.555685 0.862231 0.0754287 -0.500868 0.719637
 0.105834 0.940195 0.32378 -0.167408 0.495335 -0.332181 0.802682 0.555685 0.862231 0.0754287 -0.500868 0.719637
 0.105834 0.940195 0.323777 -0.167409 0.495336 -0.33218 0.802682 0.555685 0.86223 0.0754276 -0.500869 0.719637
 0.105833 0.940196 0.323776 -0.16741 0.495336 -0.332179 0.802683 0.555684 0.86223 0.0754276 -0.500869 0.719637
 0.105832 0.940197 0.323774 -0.167411 0.495337 -0.332176 0.802683 0.555684 0.86223 0.0754276 -0.500869 0.719637
 0.105832 0.940198 0.323771 -0.167413 0.495338 -0.332173 0.802684 0.555683 0.86223 0.075426 -0.50087 0.719637
 0.105831 0.940199 0.323769 -0.167414 0.495338 -0.332171 0.802685 0.555683 0.86223 0.075426 -0.50087 0.719637
 0.105832 0.940199 0.323767 -0.167415 0.495339 -0.332169 0.802685 0.555683 0.862229 0.0754243 -0.500871 0.719637
 0.105831 0.9402 0.323765 -0.167416 0.495339 -0.332168 0.802685 0.555683 0.862229 0.0754243 -0.500871 0.719637
 0.105831 0.9402 0.323765 -0.167416 0.495339 -0.332168 0.802685 0.555683 0.862229 0.0754243 -0.500871 0.719637
 0.105833 0.9402 0.323764 -0.167416 0.49534 -0.332168 0.802685 0.555683 0.862228 0.075423 -0.500873 0.719637
 0.105833 0.9402 0.323764 -0.167416 0.495339 -0.332168 0.802686 0.555682 0.862229 0.0754222 -0.500872 0.719637
 0.105833 0.9402 0.323763 -0.167416 0.495338 -0.332167 0.802687 0.555681 0.86223 0.0754215 -0.500871 0.719638
 0.105834 0.940201 0.323762 -0.167416 0.495338 -0.332166 0.802686 0.555681 0.862229 0.0754202 -0.500872 0.719638
 0.105834 0.940201 0.323762 -0.167416 0.495337 -0.332166 0.802687 0.555681 0.86223 0.0754195 -0.500871 0.719639
 0.105835 0.940202 0.323759 -0.167417 0.495337 -0.332165 0.802688 0.55568 0.86223 0.0754172 -0.500872 0.719639
 0.105836 0.940201 0.32376 -0.167417 0.495338 -0.332166 0.802687 0.55568 0.862229 0.0754178 -0.500872 0.719639
 0.105835 0.940202 0.323759 -0.167418 0.495339 -0.332164 0.802687 0.55568 0.862229 0.0754186 -0.500873 0.719639
 0.105836 0.940202 0.323758 -0.167418 0.49534 -0.332164 0.802686 0.55568 0.862228 0.0754172 -0.500874 0.719638
 0.105836 0.940202 0.323758 -0.167418 0.495341 -0.332164 0.802686 0.555681 0.862227 0.0754179 -0.500875 0.719638
 0.105836 0.940202 0.323758 -0.167418 0.495341 -0.332164 0.802686 0.555681 0.862227 0.0754179 -0.500875 0.719638
 0.105838 0.940202 0.323758 -0.167417 0.495343 -0.332165 0.802684 0.555682 0.862226 0.0754171 -0.500877 0.719637
 0.105838 0.940202 0.323758 -0.167417 0.495343 -0.332165 0.802684 0.555682 0.862226 0.0754171 -0.500877 0.719637
 0.105838 0.940202 0.323758 -0.167417 0.495343 -0.332165 0.802684 0.555682 0.862226 0.0754171 -0.500877 0.719637
 0.105839 0.940202 0.323757 -0.167418 0.495345 -0.332164 0.802684 0.555682 0.862225 0.0754163 -0.50088 0.719636
 0.105839 0.940202 0.323757 -0.167418 0.495345 -0.332164 0.802684 0.555682 0.862225 0.0754163 -0.50088 0.719636
 0.105839 0.940202 0.323757 -0.167418 0.495345 -0.332164 0.802684 0.555682 0.862225 0.0754163 -0.50088 0.719636
 0.105839 0.940203 0.323755 -0.167419 0.495345 -0.332162 0.802684 0.555682 0.862224 0.0754149 -0.500881 0.719636
 0.105839 0.940203 0.323755 -0.167419 0.495345 -0.332162 0.802684 0.555682 0.862224 0.0754149 -0.500881 0.719636
 0.105837 0.940204 0.323751 -0.167421 0.495345 -0.332158 0.802686 0.55568 0.862225 0.0754142 -0.50088 0.719637
 0.105832 0.940209 0.323739 -0.167428 0.495347 -0.332145 0.80269 0.555678 0.862224 0.0754127 -0.500881 0.719637
 0.105822 0.940216 0.323721 -0.16744 0.495351 -0.332125 0.802696 0.555675 0.862224 0.0754126 -0.500883 0.719636
 0.105809 0.940225 0.3237 -0.167455 0.495353 -0.332099 0.802705 0.55567 0.862224 0.0754126 -0.500883 0.719636
 0.105793 0.940237 0.323671 -0.167474 0.495358 -0.332066 0.802716 0.555664 0.862223 0.0754112 -0.500884 0.719636
 0.105777 0.940248 0.323642 -0.167494 0.495364 -0.332033 0.802726 0.555658 0.862221 0.0754111 -0.500887 0.719636
 0.105757 0.940262 0.323608 -0.167517 0.49537 -0.331994 0.802738 0.555652 0.86222 0.0754105 -0.500889 0.719635
 0.105739 0.940275 0.323578 -0.167538 0.495378 -0.331959 0.802748 0.555646 0.862218 0.0754117 -0.500892 0.719633
 0.10572 0.940287 0.323548 -0.167559 0.495387 -0.331923 0.802757 0.555641 0.862215 0.0754133 -0.500897 0.71963
